[gd_scene format=3 uid="uid://pgskngfha6tp"]

[ext_resource type="PackedScene" path="res://objects/Gameplay/Common/Sector.tscn" id="1_38ndj"]
[ext_resource type="PackedScene" path="res://objects/Gameplay/Common/CombatArea.tscn" id="2_nuh87"]
[ext_resource type="PackedScene" uid="uid://jv31so3xcr7p" path="res://addons/bf_portal/portal_tools/types/PolygonVolume/PolygonVolume.tscn" id="3_ibjed"]
[ext_resource type="PackedScene" path="res://objects/Gameplay/Common/HQ_PlayerSpawner.tscn" id="4_vbdy7"]
[ext_resource type="PackedScene" path="res://objects/entities/SpawnPoint.tscn" id="5_0y5bd"]
[ext_resource type="Script" uid="uid://dn6iiuqhrf3ar" path="res://scripts/gameplay/common/AreaTrigger.gd" id="6_5ugkk"]
[ext_resource type="PackedScene" path="res://objects/Gameplay/Common/InteractPoint.tscn" id="7_2o5va"]
[ext_resource type="PackedScene" path="res://objects/props/FlagPole_01_USA.tscn" id="8_6o36l"]
[ext_resource type="Script" uid="uid://3hvpbglts2bi" path="res://scripts/gameplay/common/WorldIcon.gd" id="9_nf6v6"]
[ext_resource type="PackedScene" path="res://objects/Gameplay/Common/WorldIcon.tscn" id="10_xatgj"]
[ext_resource type="PackedScene" path="res://objects/gameplay/common/VehicleSpawner.tscn" id="11_1abhu"]
[ext_resource type="PackedScene" path="res://static/MP_Abbasid_Terrain.tscn" id="12_5yquv"]
[ext_resource type="PackedScene" path="res://static/MP_Abbasid_Assets.tscn" id="13_tehtl"]
[ext_resource type="PackedScene" path="res://objects/Gameplay/Common/DeployCam.tscn" id="14_xac22"]
[ext_resource type="PackedScene" path="res://objects/Gameplay/Conquest/CapturePoint.tscn" id="15_emxhe"]
[ext_resource type="PackedScene" path="res://objects/props/BarrierStoneBlock_01_H.tscn" id="16_333k3"]
[ext_resource type="PackedScene" path="res://objects/gameplay/common/AreaTrigger.tscn" id="17_ygkks"]
[ext_resource type="PackedScene" path="res://objects/props/BarrierStoneBlock_01_A.tscn" id="18_wnykc"]

[node name="MP_Abbasid" type="Node3D" unique_id=963801976]

[node name="Sector - This manages the CapturePoint Names" parent="." unique_id=550493135 node_paths=PackedStringArray("SectorArea", "CapturePoints") instance=ExtResource("1_38ndj")]
transform = Transform3D(1, 0, 0, 0, 1, 0, 0, 0, 1, -85.5523, 64.1863, -57.1726)
SectorArea = NodePath("../CombatArea/CollisionPolygon3D")
CapturePoints = [NodePath("../Obectives/Flags/CapturePointA"), NodePath("../Obectives/Flags/CapturePointB"), NodePath("../Obectives/Flags/CapturePointC")]

[node name="CombatArea" parent="." unique_id=1026567430 node_paths=PackedStringArray("CombatVolume") instance=ExtResource("2_nuh87")]
transform = Transform3D(1, 0, 0, 0, 1, 0, 0, 0, 1, -80, 60, 0)
CombatVolume = NodePath("CollisionPolygon3D")

[node name="CollisionPolygon3D" parent="CombatArea" unique_id=636081748 instance=ExtResource("3_ibjed")]
transform = Transform3D(1, 0, 0, 0, 1, 0, 0, 0, 1, -40.4437, 0, 15.7721)
points = PackedVector2Array(-81.0768, -59.8686, -109.556, -45.7721, -109.556, -25.7721, -100.131, 15.7854, -100.535, 50.5102, -81.1543, 94.1179, -17.5563, 94.2279, 25.9187, 94.2279, 56.1867, 82.1072, 59.7637, 52.9328, 80.3564, 51.7215, 86.4129, -2.78825, 105.39, -54.8754, 103.372, -98.4832, 65.0128, -123.517, 17.4534, -121.379, -7.16174, -98.9435, -18.9034, -98.366, -31.4151, -81.8121, -60.6779, -76.3837, -73.3412, -75.7333)

[node name="TEAM_1_HQ" parent="." unique_id=605882365 node_paths=PackedStringArray("HQArea", "InfantrySpawns") instance=ExtResource("4_vbdy7")]
transform = Transform3D(1, 0, 0, 0, 1, 0, 0, 0, 1, -250, 60, 60)
ObjId = 1
HQArea = NodePath("HQ_Team1")
InfantrySpawns = [NodePath("SpawnPoint_1_1"), NodePath("SpawnPoint_1_2"), NodePath("SpawnPoint_1_3"), NodePath("SpawnPoint_1_4")]

[node name="HQ_Team1" parent="TEAM_1_HQ" unique_id=1867850781 instance=ExtResource("3_ibjed")]
transform = Transform3D(1, 0, 0, 0, 1, 0, 0, 0, 1, 10.335, 0, -25.284)
points = PackedVector2Array(-14.5018, -64.7865, -40.335, -4.71564, -40.335, 75.2844, 38.0642, 75.1461, 18.6861, 31.6313, 19.0935, -3.17104, 9.6544, -44.6658, 9.6736, -64.7226)

[node name="SpawnPoint_1_1" parent="TEAM_1_HQ" unique_id=2101345867 instance=ExtResource("5_0y5bd")]
transform = Transform3D(-0.894467, 0, 0.447135, 0, 1, 0, -0.447135, 0, -0.894467, 8.87335, 5.06873, -9.01886)

[node name="SpawnPoint_1_2" parent="TEAM_1_HQ" unique_id=1852999373 instance=ExtResource("5_0y5bd")]
transform = Transform3D(-0.9995, 0, -0.0316198, 0, 1, 0, 0.0316198, 0, -0.9995, 6.5, 5.46611, 0.971001)

[node name="SpawnPoint_1_3" parent="TEAM_1_HQ" unique_id=128035016 instance=ExtResource("5_0y5bd")]
transform = Transform3D(-0.939418, 0, 0.342775, 0, 1, 0, -0.342775, 0, -0.939418, 8.60249, 5.80134, 10.7266)

[node name="SpawnPoint_1_4" parent="TEAM_1_HQ" unique_id=1831991935 instance=ExtResource("5_0y5bd")]
transform = Transform3D(0.876856, -0.00137461, 0.480749, 0.00140339, 0.999999, 0.000299593, -0.480749, 0.000411968, 0.876858, 9.03342, 5.89784, 13.5257)

[node name="HQ1_areatrigger" type="Node3D" parent="TEAM_1_HQ" unique_id=530376876 node_paths=PackedStringArray("Area")]
transform = Transform3D(1, 0, 0, 0, 1, 0, 0, 0, 1, -0.201324, 2.66837, 0.0278816)
script = ExtResource("6_5ugkk")
ObjId = 4001
Area = NodePath("../HQ_Team1")

[node name="InteractPointSpectate" parent="TEAM_1_HQ" unique_id=2122650018 instance=ExtResource("7_2o5va")]
transform = Transform3D(1, 0, 0, 0, 1, 0, 0, 0, 1, -0.977905, 8.10307, 45.5292)
ObjId = 6001

[node name="InteractArea" parent="TEAM_1_HQ" unique_id=1798642352 instance=ExtResource("8_6o36l")]
transform = Transform3D(-4.37114e-08, 0, 1, 0, 1, 0, -1, 0, -4.37114e-08, -0.10322571, 5.466545, 8.777908)

[node name="InteractPointChangeTeam" parent="TEAM_1_HQ/InteractArea" unique_id=1199949081 instance=ExtResource("7_2o5va")]
transform = Transform3D(1, 0, 0, 0, 1, 0, 0, 0, 1, 3, 1.7108765, 0)
ObjId = 2001

[node name="WorldIcon" type="Node3D" parent="TEAM_1_HQ/InteractArea/InteractPointChangeTeam" unique_id=1457621482]
script = ExtResource("9_nf6v6")
ObjId = 5001
iconTextVisible = true
iconColor = [0.0, 1.0, 0.0]
iconImagePicker = 6
iconImageVisible = true
iconTeamOwnerId = 1

[node name="InteractPointReady" parent="TEAM_1_HQ/InteractArea" unique_id=1355754141 instance=ExtResource("7_2o5va")]
transform = Transform3D(1, 0, 0, 0, 1, 0, 0, 0, 1, -3, 1.7108765, 0)
ObjId = 2002

[node name="WorldIcon" type="Node3D" parent="TEAM_1_HQ/InteractArea/InteractPointReady" unique_id=291136755]
script = ExtResource("9_nf6v6")
ObjId = 5002
iconTextVisible = true
iconColor = [0.0, 0.5, 1.0]
iconImagePicker = 7
iconImageVisible = true
iconTeamOwnerId = 1

[node name="WorldIcon" parent="TEAM_1_HQ/InteractArea" unique_id=1167698599 instance=ExtResource("10_xatgj")]
transform = Transform3D(1, 0, 0, 0, 1, 0, 0, 0, 1, 0, 2, 0)
ObjId = 5011
iconTextVisible = true
iconColor = [0.0, 0.0, 1.0]
iconImagePicker = 7
iconTeamOwnerId = 1

[node name="IFVSpawner" parent="TEAM_1_HQ" unique_id=1177811291 instance=ExtResource("11_1abhu")]
transform = Transform3D(-1, 0, -8.74228e-08, 0, 1, 0, 8.74228e-08, 0, -1, 6.9465, 4.87146, -15.1568)
ObjId = 701
VehicleType = 17
P_DefaultRespawnTime = 120

[node name="BikeSpawner" parent="TEAM_1_HQ" unique_id=995801365 instance=ExtResource("11_1abhu")]
transform = Transform3D(-0.99999994, 0, -8.742277e-08, 0, 1, 0, 8.742277e-08, 0, -0.99999994, 2.8780823, 5.017227, -9.749107)
ObjId = 705
VehicleType = 22
P_DefaultRespawnTime = 30
P_KeepAliveAbandonRadius = 10

[node name="TEAM_2_HQ" parent="." unique_id=362575572 node_paths=PackedStringArray("HQArea", "InfantrySpawns") instance=ExtResource("4_vbdy7")]
transform = Transform3D(1, 0, 0, 0, 1, 0, 0, 0, 1, 20, 60, 0)
Team = 2
AltTeam = 0
VehicleSpawnersEnabled = true
ObjId = 2
HQArea = NodePath("HQ_Team2")
InfantrySpawns = [NodePath("SpawnPoint_2_1"), NodePath("SpawnPoint_2_2"), NodePath("SpawnPoint_2_3"), NodePath("SpawnPoint_2_4")]

[node name="HQ_Team2" parent="TEAM_2_HQ" unique_id=926614082 instance=ExtResource("3_ibjed")]
transform = Transform3D(1, 0, 0, 0, 1, 0, 0, 0, 1, -22.814, 0, -27.903)
points = PackedVector2Array(-52.5879, -79.8164, -14.26, -54.7753, -12.2579, -11.3374, -31.3329, 41.1683, -37.3482, 95.3827, -2.46635, 93.8631, 44.5681, 42.2913, 75.3428, -49.7426, 30.342, -77.0334)

[node name="SpawnPoint_2_1" parent="TEAM_2_HQ" unique_id=193204961 instance=ExtResource("5_0y5bd")]
transform = Transform3D(0.87795, 0, -0.478754, 0, 1, 0, 0.478754, 0, 0.87795, -19.2289, 4.63904, 23.1917)

[node name="SpawnPoint_2_2" parent="TEAM_2_HQ" unique_id=442040047 instance=ExtResource("5_0y5bd")]
transform = Transform3D(-0.283078, 0, -0.959097, 0, 1, 0, 0.959097, 0, -0.283078, -22.4893, 6.50803, 18.7793)

[node name="SpawnPoint_2_3" parent="TEAM_2_HQ" unique_id=240765532 instance=ExtResource("5_0y5bd")]
transform = Transform3D(0.194713, 0, -0.98086, 0, 1, 0, 0.98086, 0, 0.194713, -14.1771, 6.22802, 11.6407)

[node name="SpawnPoint_2_4" parent="TEAM_2_HQ" unique_id=1850705959 instance=ExtResource("5_0y5bd")]
transform = Transform3D(-0.58483, 0, -0.811155, 0, 1, 0, 0.811155, 0, -0.58483, -26.4078, 6.05853, 12.115)

[node name="InteractArea" parent="TEAM_2_HQ" unique_id=77430966 instance=ExtResource("8_6o36l")]
transform = Transform3D(-4.37114e-08, 0, -1, 0, 1, 0, 1, 0, -4.37114e-08, -4.25799, 3.5539093, 16.6947)

[node name="InteractPointChangeTeam" parent="TEAM_2_HQ/InteractArea" unique_id=157868161 instance=ExtResource("7_2o5va")]
transform = Transform3D(1, 0, 0, 0, 1, 0, 0, 0, 1, 3, 1.5276184, 0)
ObjId = 2003

[node name="WorldIcon" type="Node3D" parent="TEAM_2_HQ/InteractArea/InteractPointChangeTeam" unique_id=261903412]
script = ExtResource("9_nf6v6")
ObjId = 5003
iconTextVisible = true
iconColor = [0.0, 1.0, 0.0]
iconImagePicker = 6
iconImageVisible = true
iconTeamOwnerId = 2

[node name="InteractPointReady" parent="TEAM_2_HQ/InteractArea" unique_id=1904849829 instance=ExtResource("7_2o5va")]
transform = Transform3D(1, 0, 0, 0, 1, 0, 0, 0, 1, -3.000001, 1.5276184, 0)
ObjId = 2004

[node name="WorldIcon" type="Node3D" parent="TEAM_2_HQ/InteractArea/InteractPointReady" unique_id=429643729]
script = ExtResource("9_nf6v6")
ObjId = 5004
iconTextVisible = true
iconColor = [0.0, 0.5, 1.0]
iconImagePicker = 7
iconImageVisible = true
iconTeamOwnerId = 2

[node name="WorldIcon" parent="TEAM_2_HQ/InteractArea" unique_id=360497536 instance=ExtResource("10_xatgj")]
transform = Transform3D(1, 0, 0, 0, 1, 0, 0, 0, 1, 0, 2, 0)
ObjId = 5012
iconTextVisible = true
iconColor = [0.0, 0.0, 1.0]
iconImagePicker = 7
iconTeamOwnerId = 2

[node name="IFVSpawner" parent="TEAM_2_HQ" unique_id=1723224137 instance=ExtResource("11_1abhu")]
transform = Transform3D(0.825291, 0, -0.564708, 0, 1, 0, 0.564708, 0, 0.825291, -9.11841, 4.53394, 21.3387)
ObjId = 702
VehicleType = 3
P_DefaultRespawnTime = 120

[node name="BikeSpawner" parent="TEAM_2_HQ" unique_id=520363676 instance=ExtResource("11_1abhu")]
transform = Transform3D(-4.371139e-08, 0, -1, 0, 1, 0, 1, 0, -4.371139e-08, -11.6497, 4.314522, 29.715948)
ObjId = 706
VehicleType = 23
P_DefaultRespawnTime = 30
P_KeepAliveAbandonRadius = 10

[node name="Static" type="Node3D" parent="." unique_id=429511577]

[node name="MP_Abbasid_Terrain" parent="Static" unique_id=1031924915 instance=ExtResource("12_5yquv")]
metadata/_edit_lock_ = true

[node name="MP_Abbasid_Assets" parent="Static" unique_id=364212465 instance=ExtResource("13_tehtl")]
metadata/_edit_lock_ = true

[node name="DeployCam" parent="." unique_id=213479028 instance=ExtResource("14_xac22")]
transform = Transform3D(1, 0, 0, 0, 0, 1, 0, -1, 0, -91.6011, 150.747, 3.86193)

[node name="Obectives" type="Node3D" parent="." unique_id=1928408167]
transform = Transform3D(1, 0, 0, 0, 1, 0, 0, 0, 1, 0, 63.0319, 0)

[node name="Flags" type="Node3D" parent="Obectives" unique_id=262041130]

[node name="CapturePointA" parent="Obectives/Flags" unique_id=651827212 node_paths=PackedStringArray("CaptureArea", "InfantrySpawnPoints_Team1", "InfantrySpawnPoints_Team2") instance=ExtResource("15_emxhe")]
transform = Transform3D(1, 0, 0, 0, 1, 0, 0, 0, 1, -174.942, 1.77884, -26.5188)
ObjId = 201
OutlineAbove16Points = true
TacticalAdviceAirVehicleFriendly = true
TacticalAdvicePriorityLevel_Team1 = 1
TacticalAdvicePriorityLevel_Team2 = 2
CaptureArea = NodePath("CapturePointArea")
InfantrySpawnPoints_Team1 = [NodePath("Spawns/Team1/SpawnPoint_1"), NodePath("Spawns/Team1/SpawnPoint_2"), NodePath("Spawns/Team1/SpawnPoint_3"), NodePath("Spawns/Team1/SpawnPoint_4"), NodePath("Spawns/Team1/SpawnPoint_5")]
InfantrySpawnPoints_Team2 = [NodePath("Spawns/Team2/SpawnPoint_6"), NodePath("Spawns/Team2/SpawnPoint_7"), NodePath("Spawns/Team2/SpawnPoint_8"), NodePath("Spawns/Team2/SpawnPoint_9"), NodePath("Spawns/Team2/SpawnPoint_10")]

[node name="CapturePointArea" parent="Obectives/Flags/CapturePointA" unique_id=1301813299 instance=ExtResource("3_ibjed")]
transform = Transform3D(1, 0, 0, 0, 1, 0, 0, 0, 1, 1.14622, -0.201736, -0.980019)
points = PackedVector2Array(7.66101, 11.6275, 8.2319, -7.60752, -17.4987, -7.72895, -17.5545, 11.2441)
height = 20.0

[node name="Spawns" type="Node3D" parent="Obectives/Flags/CapturePointA" unique_id=1486680478]

[node name="Team1" type="Node3D" parent="Obectives/Flags/CapturePointA/Spawns" unique_id=1008379547]

[node name="SpawnPoint_1" parent="Obectives/Flags/CapturePointA/Spawns/Team1" unique_id=73497642 instance=ExtResource("5_0y5bd")]
transform = Transform3D(0.910496, 0, 0.413518, 0, 1, 0, -0.413518, 0, 0.910496, -25.1063, -0.31955, -20.2252)

[node name="SpawnPoint_2" parent="Obectives/Flags/CapturePointA/Spawns/Team1" unique_id=1397741822 instance=ExtResource("5_0y5bd")]
transform = Transform3D(-0.938704, 0, 0.344724, 0, 1, 0, -0.344724, 0, -0.938704, -42.9513, 0.656998, 11.1027)

[node name="SpawnPoint_3" parent="Obectives/Flags/CapturePointA/Spawns/Team1" unique_id=656737301 instance=ExtResource("5_0y5bd")]
transform = Transform3D(-0.983261, 0, -0.182201, 0, 1, 0, 0.182201, 0, -0.983261, -23.3844, -0.752876, -4.32854)

[node name="SpawnPoint_4" parent="Obectives/Flags/CapturePointA/Spawns/Team1" unique_id=1562377885 instance=ExtResource("5_0y5bd")]
transform = Transform3D(0.466957, 0, 0.88428, 0, 1, 0, -0.88428, 0, 0.466957, -31.7933, -0.415169, 27.618)

[node name="SpawnPoint_5" parent="Obectives/Flags/CapturePointA/Spawns/Team1" unique_id=172242369 instance=ExtResource("5_0y5bd")]
transform = Transform3D(0.47192, 0, 0.881641, 0, 1, 0, -0.881641, 0, 0.47192, -37.3785, 0.844711, 2.82745)

[node name="Team2" type="Node3D" parent="Obectives/Flags/CapturePointA/Spawns" unique_id=1754127842]

[node name="SpawnPoint_6" parent="Obectives/Flags/CapturePointA/Spawns/Team2" unique_id=1541240081 instance=ExtResource("5_0y5bd")]
transform = Transform3D(0.964493, 0, -0.264109, 0, 1, 0, 0.264109, 0, 0.964493, -1.16083, 0.551796, -28.0201)

[node name="SpawnPoint_7" parent="Obectives/Flags/CapturePointA/Spawns/Team2" unique_id=1615573375 instance=ExtResource("5_0y5bd")]
transform = Transform3D(0.815966, 0, -0.5781, 0, 1, 0, 0.5781, 0, 0.815966, 24.7325, 0.51902, -28.5163)

[node name="SpawnPoint_8" parent="Obectives/Flags/CapturePointA/Spawns/Team2" unique_id=712630381 instance=ExtResource("5_0y5bd")]
transform = Transform3D(-0.608388, 0, -0.79364, 0, 1, 0, 0.79364, 0, -0.608388, 21.5992, -0.600006, -6.35564)

[node name="SpawnPoint_9" parent="Obectives/Flags/CapturePointA/Spawns/Team2" unique_id=209638992 instance=ExtResource("5_0y5bd")]
transform = Transform3D(0.480147, 0, 0.877188, 0, 1, 0, -0.877188, 0, 0.480147, 9.55264, -0.149345, 22.0377)

[node name="SpawnPoint_10" parent="Obectives/Flags/CapturePointA/Spawns/Team2" unique_id=312182372 instance=ExtResource("5_0y5bd")]
transform = Transform3D(0.106611, 0, -0.994301, 0, 1, 0, 0.994301, 0, 0.106611, 28.4211, -0.475525, 19.3187)

[node name="CapturePointB" parent="Obectives/Flags" unique_id=658204385 node_paths=PackedStringArray("CaptureArea", "InfantrySpawnPoints_Team1", "InfantrySpawnPoints_Team2") instance=ExtResource("15_emxhe")]
transform = Transform3D(1, 0, 0, 0, 1, 0, 0, 0, 1, -136.737, 3.76125, 55.9431)
ObjId = 202
OutlineAbove16Points = true
TacticalAdviceAirVehicleFriendly = true
TacticalAdvicePriorityLevel_Team1 = 1
TacticalAdvicePriorityLevel_Team2 = 2
CaptureArea = NodePath("CapturePointArea")
InfantrySpawnPoints_Team1 = [NodePath("Spawns/Team1/SpawnPoint_1"), NodePath("Spawns/Team1/SpawnPoint_2"), NodePath("Spawns/Team1/SpawnPoint_3"), NodePath("Spawns/Team1/SpawnPoint_4"), NodePath("Spawns/Team1/SpawnPoint_5")]
InfantrySpawnPoints_Team2 = [NodePath("Spawns/Team2/SpawnPoint_6"), NodePath("Spawns/Team2/SpawnPoint_7"), NodePath("Spawns/Team2/SpawnPoint_8"), NodePath("Spawns/Team2/SpawnPoint_9"), NodePath("Spawns/Team2/SpawnPoint_10")]

[node name="CapturePointArea" parent="Obectives/Flags/CapturePointB" unique_id=95987409 instance=ExtResource("3_ibjed")]
transform = Transform3D(1, 0, 0, 0, 1, 0, 0, 0, 1, 10.5204, -1.14178, -0.980019)
points = PackedVector2Array(11.4059, -0.499065, 11.2653, -8.92285, -17.3238, -9.98162, -17.4051, 7.96682, 0.440491, 8.09736, 11.2923, 4.7739)
height = 20.0

[node name="Spawns" type="Node3D" parent="Obectives/Flags/CapturePointB" unique_id=1312134363]

[node name="Team1" type="Node3D" parent="Obectives/Flags/CapturePointB/Spawns" unique_id=957488684]

[node name="SpawnPoint_1" parent="Obectives/Flags/CapturePointB/Spawns/Team1" unique_id=410408416 instance=ExtResource("5_0y5bd")]
transform = Transform3D(0.910496, 0, 0.413518, 0, 1, 0, -0.413518, 0, 0.910496, -24.691, -0.0531311, -6.99607)

[node name="SpawnPoint_2" parent="Obectives/Flags/CapturePointB/Spawns/Team1" unique_id=317194096 instance=ExtResource("5_0y5bd")]
transform = Transform3D(-0.344905, 0, 0.938637, 0, 1, 0, -0.938637, 0, -0.344905, -29.4573, 0.0134735, -20.4636)

[node name="SpawnPoint_3" parent="Obectives/Flags/CapturePointB/Spawns/Team1" unique_id=1768367976 instance=ExtResource("5_0y5bd")]
transform = Transform3D(0.908282, 0, 0.418358, 0, 1, 0, -0.418358, 0, 0.908282, -0.152634, 0.17292, -29.7156)

[node name="SpawnPoint_4" parent="Obectives/Flags/CapturePointB/Spawns/Team1" unique_id=1150592813 instance=ExtResource("5_0y5bd")]
transform = Transform3D(-0.997495, 0, 0.070749, 0, 1, 0, -0.070749, 0, -0.997495, -5.48589, 1.09766, 16.8694)

[node name="SpawnPoint_5" parent="Obectives/Flags/CapturePointB/Spawns/Team1" unique_id=719055577 instance=ExtResource("5_0y5bd")]
transform = Transform3D(0.80236, 0, 0.596841, 0, 1, 0, -0.596841, 0, 0.80236, -36.4516, -1.26653, -0.872284)

[node name="Team2" type="Node3D" parent="Obectives/Flags/CapturePointB/Spawns" unique_id=683315821]

[node name="SpawnPoint_6" parent="Obectives/Flags/CapturePointB/Spawns/Team2" unique_id=1316893767 instance=ExtResource("5_0y5bd")]
transform = Transform3D(-0.999301, 0, -0.0373939, 0, 1, 0, 0.0373939, 0, -0.999301, 43.8213, -2.76251, 31.8748)

[node name="SpawnPoint_7" parent="Obectives/Flags/CapturePointB/Spawns/Team2" unique_id=1186145581 instance=ExtResource("5_0y5bd")]
transform = Transform3D(0.0994591, 0, 0.995042, 0, 1, 0, -0.995042, 0, 0.0994591, 40.2285, -2.08122, -16.7443)

[node name="SpawnPoint_8" parent="Obectives/Flags/CapturePointB/Spawns/Team2" unique_id=536150702 instance=ExtResource("5_0y5bd")]
transform = Transform3D(0.0147994, 0, -0.999891, 0, 1, 0, 0.999891, 0, 0.0147994, 20.7216, -0.855949, -40.892)

[node name="SpawnPoint_9" parent="Obectives/Flags/CapturePointB/Spawns/Team2" unique_id=673666838 instance=ExtResource("5_0y5bd")]
transform = Transform3D(-0.874112, 0, -0.485725, 0, 1, 0, 0.485725, 0, -0.874112, 56.9699, -2.424, 14.3596)

[node name="SpawnPoint_10" parent="Obectives/Flags/CapturePointB/Spawns/Team2" unique_id=1659302122 instance=ExtResource("5_0y5bd")]
transform = Transform3D(-0.762138, 0, 0.647416, 0, 1, 0, -0.647416, 0, -0.762138, 17.2374, -2.61961, 34.0771)

[node name="CapturePointC" parent="Obectives/Flags" unique_id=1542799886 node_paths=PackedStringArray("CaptureArea", "InfantrySpawnPoints_Team1", "InfantrySpawnPoints_Team2") instance=ExtResource("15_emxhe")]
transform = Transform3D(1, 0, 0, 0, 1, 0, 0, 0, 1, -80.046, -1.04457, -43.786)
ObjId = 203
OutlineAbove16Points = true
TacticalAdviceAirVehicleFriendly = true
TacticalAdvicePriorityLevel_Team1 = 1
TacticalAdvicePriorityLevel_Team2 = 1
CaptureArea = NodePath("CapturePointArea")
InfantrySpawnPoints_Team1 = [NodePath("Spawns/Team1/SpawnPoint_1"), NodePath("Spawns/Team1/SpawnPoint_2"), NodePath("Spawns/Team1/SpawnPoint_3"), NodePath("Spawns/Team1/SpawnPoint_4"), NodePath("Spawns/Team1/SpawnPoint_5")]
InfantrySpawnPoints_Team2 = [NodePath("Spawns/Team2/SpawnPoint_6"), NodePath("Spawns/Team2/SpawnPoint_7"), NodePath("Spawns/Team2/SpawnPoint_8"), NodePath("Spawns/Team2/SpawnPoint_9"), NodePath("Spawns/Team2/SpawnPoint_10")]

[node name="CapturePointArea" parent="Obectives/Flags/CapturePointC" unique_id=1610823781 instance=ExtResource("3_ibjed")]
transform = Transform3D(1, 0, 0, 0, 1, 0, 0, 0, 1, -2.45057, -0.201736, 0.216541)
points = PackedVector2Array(12.2065, 20.9491, 12.5776, -13.9168, -12.0001, -13.2181, -11.8913, 20.4462)
height = 20.0

[node name="Spawns" type="Node3D" parent="Obectives/Flags/CapturePointC" unique_id=1274690473]

[node name="Team1" type="Node3D" parent="Obectives/Flags/CapturePointC/Spawns" unique_id=986984459]

[node name="SpawnPoint_1" parent="Obectives/Flags/CapturePointC/Spawns/Team1" unique_id=2073063171 instance=ExtResource("5_0y5bd")]
transform = Transform3D(-0.911202, 0, 0.411959, 0, 1, 0, -0.411959, 0, -0.911202, -38.5508, 2.22358, -13.0757)

[node name="SpawnPoint_2" parent="Obectives/Flags/CapturePointC/Spawns/Team1" unique_id=33721126 instance=ExtResource("5_0y5bd")]
transform = Transform3D(0.99985, 0, -0.0173302, 0, 1, 0, 0.0173302, 0, 0.99985, -18.669, 3.51675, -49.3173)

[node name="SpawnPoint_3" parent="Obectives/Flags/CapturePointC/Spawns/Team1" unique_id=166893532 instance=ExtResource("5_0y5bd")]
transform = Transform3D(-0.477788, 0, 0.878475, 0, 1, 0, -0.878475, 0, -0.477788, -19.461, 2.1886, 64.8013)

[node name="SpawnPoint_4" parent="Obectives/Flags/CapturePointC/Spawns/Team1" unique_id=948691029 instance=ExtResource("5_0y5bd")]
transform = Transform3D(0.996908, 0, -0.0785806, 0, 1, 0, 0.0785806, 0, 0.996908, -31.8244, 3.6263, 28.3716)

[node name="SpawnPoint_5" parent="Obectives/Flags/CapturePointC/Spawns/Team1" unique_id=1710341864 instance=ExtResource("5_0y5bd")]
transform = Transform3D(0.984826, 0, -0.173545, 0, 1, 0, 0.173545, 0, 0.984826, -37.6794, 2.70984, -4.0394)

[node name="Team2" type="Node3D" parent="Obectives/Flags/CapturePointC/Spawns" unique_id=1460308611]

[node name="SpawnPoint_6" parent="Obectives/Flags/CapturePointC/Spawns/Team2" unique_id=1401110165 instance=ExtResource("5_0y5bd")]
transform = Transform3D(-0.867627, 0, 0.497216, 0, 1, 0, -0.497216, 0, -0.867627, 35.8732, 2.17304, 19.7174)

[node name="SpawnPoint_7" parent="Obectives/Flags/CapturePointC/Spawns/Team2" unique_id=1246693362 instance=ExtResource("5_0y5bd")]
transform = Transform3D(-0.867627, 0, 0.497216, 0, 1, 0, -0.497216, 0, -0.867627, 33.7049, 2.1983, -4.73228)

[node name="SpawnPoint_8" parent="Obectives/Flags/CapturePointC/Spawns/Team2" unique_id=1265437866 instance=ExtResource("5_0y5bd")]
transform = Transform3D(0.955062, 0, -0.296408, 0, 1, 0, 0.296408, 0, 0.955062, 28.0256, 2.06919, -57.14)

[node name="SpawnPoint_9" parent="Obectives/Flags/CapturePointC/Spawns/Team2" unique_id=585425449 instance=ExtResource("5_0y5bd")]
transform = Transform3D(0.849194, 0, -0.528083, 0, 1, 0, 0.528083, 0, 0.849194, 21.0914, 2.29682, 37.8039)

[node name="SpawnPoint_10" parent="Obectives/Flags/CapturePointC/Spawns/Team2" unique_id=2095814011 instance=ExtResource("5_0y5bd")]
transform = Transform3D(0.0960021, 0, -0.995381, 0, 1, 0, 0.995381, 0, 0.0960021, 19.8158, 2.24475, -48.0919)

[node name="BarrierStoneBlock_01_H" parent="." unique_id=1904043203 instance=ExtResource("16_333k3")]
transform = Transform3D(0.0282531, 0, -0.999601, 0, 1, 0, 0.999601, 0, 0.0282531, -190.16, 63.78, -61.1063)

[node name="BarrierStoneBlock_01_H2" parent="." unique_id=1695295428 instance=ExtResource("16_333k3")]
transform = Transform3D(0.0282531, 0, -0.999601, 0, 1, 0, 0.999601, 0, 0.0282531, -184.979, 63.78, -61.1063)

[node name="RestrictedAreas" type="Node3D" parent="." unique_id=1058024191]
transform = Transform3D(1, 0, 0, 0, 1, 0, 0, 0, 1, -197.022, 67.926, -45.87)

[node name="AreaTrigger6" parent="RestrictedAreas" unique_id=1600618076 node_paths=PackedStringArray("Area") instance=ExtResource("17_ygkks")]
transform = Transform3D(1, 0, 0, 0, 1, 0, 0, 0, 1, 197.022, -67.926, 45.87)
ObjId = 20004
Area = NodePath("../PolygonVolume4")

[node name="PolygonVolume4" parent="RestrictedAreas" unique_id=651582791 instance=ExtResource("3_ibjed")]
points = PackedVector2Array(-5.25253, -1.17289, -4.23263, 2.2948, 4.74258, 2.70276, 4.74258, -3.82466)
height = 3.0

[node name="AreaTrigger7" parent="RestrictedAreas" unique_id=349805497 node_paths=PackedStringArray("Area") instance=ExtResource("17_ygkks")]
transform = Transform3D(1, 0, 0, 0, 1, 0, 0, 0, 1, 197.022, -67.926, 45.87)
ObjId = 20004
Area = NodePath("../PolygonVolume4")

[node name="PolygonVolume5" parent="RestrictedAreas" unique_id=2137198629 instance=ExtResource("3_ibjed")]
transform = Transform3D(1, 0, 0, 0, 1, 0, 0, 0, 1, 134.01, 7.21882, 0.924156)
points = PackedVector2Array(-5.56467, -3.51344, -5.26513, 11.9668, 5.49766, 14.7809, 5.84989, -18.1385, -1.96359, -17.7357)
height = 5.0

[node name="Version" parent="." unique_id=1401952492 instance=ExtResource("18_wnykc")]
transform = Transform3D(1, 0, 0, 0, 1, 0, 0, 0, 1, 1, 3, 0)
ObjId = 1001
