[gd_scene format=3 uid="uid://b1g3fwqwqr4jo"]

[ext_resource type="PackedScene" path="res://objects/Gameplay/Common/HQ_PlayerSpawner.tscn" id="1_fu4sj"]
[ext_resource type="PackedScene" uid="uid://jv31so3xcr7p" path="res://addons/bf_portal/portal_tools/types/PolygonVolume/PolygonVolume.tscn" id="2_jcr6o"]
[ext_resource type="PackedScene" path="res://objects/entities/SpawnPoint.tscn" id="3_ayy6m"]
[ext_resource type="PackedScene" path="res://objects/Gameplay/Common/InteractPoint.tscn" id="4_vd4pt"]
[ext_resource type="PackedScene" path="res://objects/gameplay/common/VehicleSpawner.tscn" id="5_f4eve"]
[ext_resource type="PackedScene" path="res://objects/props/FlagPole_01_USA.tscn" id="6_e0ugp"]
[ext_resource type="Script" uid="uid://bssxr2ucvxqjx" path="res://scripts/gameplay/common/WorldIcon.gd" id="7_c18e3"]
[ext_resource type="PackedScene" path="res://objects/Gameplay/Common/WorldIcon.tscn" id="8_2pdrm"]
[ext_resource type="PackedScene" path="res://objects/Gameplay/Conquest/CapturePoint.tscn" id="9_4iycq"]
[ext_resource type="PackedScene" path="res://objects/Gameplay/Common/CombatArea.tscn" id="10_eoimc"]
[ext_resource type="PackedScene" path="res://objects/Gameplay/Common/DeployCam.tscn" id="11_kmqvk"]
[ext_resource type="PackedScene" path="res://static/MP_Battery_Terrain.tscn" id="12_lmorw"]
[ext_resource type="PackedScene" path="res://static/MP_Battery_Assets.tscn" id="13_cuw2a"]
[ext_resource type="PackedScene" path="res://objects/Gameplay/Common/Sector.tscn" id="14_o8jvo"]
[ext_resource type="PackedScene" path="res://objects/props/BarrierStoneBlock_01_A.tscn" id="15_6r41m"]
[ext_resource type="PackedScene" path="res://objects/gameplay/common/AreaTrigger.tscn" id="16_vwsev"]

[node name="MP_Battery" type="Node3D" unique_id=1416178436]

[node name="TEAM_1_HQ" parent="." unique_id=1372316274 node_paths=PackedStringArray("HQArea", "InfantrySpawns") instance=ExtResource("1_fu4sj")]
transform = Transform3D(1, 0, 0, 0, 1, 0, 0, 0, 1, 843.172, 74.0865, 64.0589)
AltTeam = 0
ObjId = 101
HQArea = NodePath("PolygonVolume")
InfantrySpawns = [NodePath("SpawnPoint"), NodePath("SpawnPoint2"), NodePath("SpawnPoint3"), NodePath("SpawnPoint4")]

[node name="PolygonVolume" parent="TEAM_1_HQ" unique_id=2102298381 instance=ExtResource("2_jcr6o")]
transform = Transform3D(1, 0, 0, 0, 1, 0, 0, 0, 1, 24.8895, 103.591, 35.0902)
points = PackedVector2Array(-23.7527, 36.8513, -92.3039, -59.9911, -44.5032, -88.5316, -12.0122, -64.4172, 39.7703, 12.7489, 60.496, 35.4264, 47.9953, 63.7861, 23.9068, 45.1209, 0.403508, 19.0062)

[node name="SpawnPoint" parent="TEAM_1_HQ" unique_id=1565654198 instance=ExtResource("3_ayy6m")]
transform = Transform3D(-0.696326, 0, -0.717725, 0, 1, 0, 0.717725, 0, -0.696326, 11.8359, 0.314751, 14.1312)

[node name="SpawnPoint2" parent="TEAM_1_HQ" unique_id=821811021 instance=ExtResource("3_ayy6m")]
transform = Transform3D(0.529119, 0, 0.848547, 0, 1, 0, -0.848547, 0, 0.529119, -14.2811, 0.290993, 4.21625)

[node name="SpawnPoint3" parent="TEAM_1_HQ" unique_id=723962657 instance=ExtResource("3_ayy6m")]
transform = Transform3D(0.802838, 0, 0.596197, 0, 1, 0, -0.596197, 0, 0.802838, -3.74658, 0.26741, -20.0057)

[node name="SpawnPoint4" parent="TEAM_1_HQ" unique_id=861508320 instance=ExtResource("3_ayy6m")]
transform = Transform3D(0.547826, 0, -0.836592, 0, 1, 0, 0.836592, 0, 0.547826, 17.8474, 0.459061, 29.877)

[node name="InteractPointSpectate" parent="TEAM_1_HQ" unique_id=1949556004 instance=ExtResource("4_vd4pt")]
transform = Transform3D(1, 0, 0, 0, 1, 0, 0, 0, 1, 13.4203, 0.535103, -15.0729)
ObjId = 6001

[node name="IFVSpawner" parent="TEAM_1_HQ" unique_id=1473785474 instance=ExtResource("5_f4eve")]
transform = Transform3D(0.866026, 0, -0.5, 0, 1, 0, 0.5, 0, 0.866026, 3.08728, 0.48642, -14.1784)
ObjId = 701
VehicleType = 17
P_DefaultRespawnTime = 120
P_ApplyDamageToAbandonVehicle = false

[node name="TransportSpawner" parent="TEAM_1_HQ" unique_id=1338859887 instance=ExtResource("5_f4eve")]
transform = Transform3D(1, 0, 0, 0, 1, 0, 0, 0, 1, -0.888794, 1.04974, -6.8192)
ObjId = 703
VehicleType = 13
P_DefaultRespawnTime = 30
P_KeepAliveAbandonRadius = 10

[node name="InteractArea" parent="TEAM_1_HQ" unique_id=4301384 instance=ExtResource("6_e0ugp")]
transform = Transform3D(1, 0, 0, 0, 1, 0, 0, 0, 1, 0, -0.175461, 0)

[node name="InteractPointChangeTeam" parent="TEAM_1_HQ/InteractArea" unique_id=138848833 instance=ExtResource("4_vd4pt")]
transform = Transform3D(1, 0, 0, 0, 1, 0, 0, 0, 1, 3, 1, 0)
ObjId = 2001

[node name="WorldIcon" type="Node3D" parent="TEAM_1_HQ/InteractArea/InteractPointChangeTeam" unique_id=234558911]
script = ExtResource("7_c18e3")
ObjId = 5001
iconTextVisible = true
iconColor = [0.0, 1.0, 0.0]
iconImagePicker = 6
iconImageVisible = true
iconTeamOwnerId = 1

[node name="InteractPointReady" parent="TEAM_1_HQ/InteractArea" unique_id=1148658004 instance=ExtResource("4_vd4pt")]
transform = Transform3D(1, 0, 0, 0, 1, 0, 0, 0, 1, -3, 1, 0)
ObjId = 2002

[node name="WorldIcon" type="Node3D" parent="TEAM_1_HQ/InteractArea/InteractPointReady" unique_id=402396958]
script = ExtResource("7_c18e3")
ObjId = 5002
iconTextVisible = true
iconColor = [0.0, 0.5, 1.0]
iconImagePicker = 7
iconImageVisible = true
iconTeamOwnerId = 1

[node name="WorldIcon" parent="TEAM_1_HQ/InteractArea" unique_id=343633931 instance=ExtResource("8_2pdrm")]
transform = Transform3D(1, 0, 0, 0, 1, 0, 0, 0, 1, 0, 2, 0)
ObjId = 5011
iconTextVisible = true
iconColor = [0.0, 0.0, 1.0]
iconImagePicker = 7
iconTeamOwnerId = 1

[node name="TEAM_2_HQ" parent="." unique_id=1727968620 node_paths=PackedStringArray("HQArea", "InfantrySpawns") instance=ExtResource("1_fu4sj")]
transform = Transform3D(1, 0, 0, 0, 1, 0, 0, 0, 1, 574.711, 69.0719, 105.606)
Team = 2
AltTeam = 0
ObjId = 102
HQArea = NodePath("PolygonVolume")
InfantrySpawns = [NodePath("SpawnPoint"), NodePath("SpawnPoint2"), NodePath("SpawnPoint3"), NodePath("SpawnPoint4")]

[node name="PolygonVolume" parent="TEAM_2_HQ" unique_id=71414197 instance=ExtResource("2_jcr6o")]
transform = Transform3D(1, 0, 0, 0, 1, 0, 0, 0, 1, 10.4996, 100, 45.0577)
points = PackedVector2Array(-14.4338, 0.857121, -3.13319, 28.9077, 3.56731, 61.966, 14.3888, 61.2197, 13.2371, -0.370925, 30.8566, -43.5037, 12.1853, -56.9515, -26.6145, -53.7298, -29.4181, 0.662465)

[node name="SpawnPoint" parent="TEAM_2_HQ" unique_id=1333557576 instance=ExtResource("3_ayy6m")]
transform = Transform3D(0.995428, 0, 0.0955151, 0, 1, 0, -0.0955151, 0, 0.995428, 8.49591, 0.759903, -6.25543)

[node name="SpawnPoint2" parent="TEAM_2_HQ" unique_id=1936718449 instance=ExtResource("3_ayy6m")]
transform = Transform3D(0.932129, 0, 0.362129, 0, 1, 0, -0.362129, 0, 0.932129, 15.7982, 1.73666, 37.3267)

[node name="SpawnPoint3" parent="TEAM_2_HQ" unique_id=829118942 instance=ExtResource("3_ayy6m")]
transform = Transform3D(0.889257, 0, 0.457409, 0, 1, 0, -0.457409, 0, 0.889257, 12.6816, 1.89711, 39.9663)

[node name="SpawnPoint4" parent="TEAM_2_HQ" unique_id=1192754604 instance=ExtResource("3_ayy6m")]
transform = Transform3D(0.871463, 0, 0.490462, 0, 1, 0, -0.490462, 0, 0.871463, 14.9232, 0.556458, -3.10886)

[node name="IFVSpawner" parent="TEAM_2_HQ" unique_id=361784832 instance=ExtResource("5_f4eve")]
transform = Transform3D(1, 0, 0, 0, 1, 0, 0, 0, 1, 10.2767, 1.61375, -1.82304)
ObjId = 702
VehicleType = 3
P_DefaultRespawnTime = 120
P_ApplyDamageToAbandonVehicle = false

[node name="InteractArea" parent="TEAM_2_HQ" unique_id=1363516589 instance=ExtResource("6_e0ugp")]
transform = Transform3D(-4.37114e-08, 0, 1, 0, 1, 0, -1, 0, -4.37114e-08, 0, 0, 0)

[node name="InteractPointChangeTeam" parent="TEAM_2_HQ/InteractArea" unique_id=2028803899 instance=ExtResource("4_vd4pt")]
transform = Transform3D(-4.37114e-08, 0, 1, 0, 1, 0, -1, 0, -4.37114e-08, 3, 1, 0)
ObjId = 2003

[node name="WorldIcon" type="Node3D" parent="TEAM_2_HQ/InteractArea/InteractPointChangeTeam" unique_id=132334404]
script = ExtResource("7_c18e3")
ObjId = 5003
iconTextVisible = true
iconColor = [0.0, 1.0, 0.0]
iconImagePicker = 6
iconImageVisible = true
iconTeamOwnerId = 2

[node name="InteractPointReady" parent="TEAM_2_HQ/InteractArea" unique_id=1559733268 instance=ExtResource("4_vd4pt")]
transform = Transform3D(-1, 0, -8.74228e-08, 0, 1, 0, 8.74228e-08, 0, -1, -3, 1, 0)
ObjId = 2004

[node name="WorldIcon" type="Node3D" parent="TEAM_2_HQ/InteractArea/InteractPointReady" unique_id=1213436541]
script = ExtResource("7_c18e3")
ObjId = 5004
iconTextVisible = true
iconColor = [0.0, 0.5, 1.0]
iconImagePicker = 7
iconImageVisible = true
iconTeamOwnerId = 2

[node name="WorldIcon" parent="TEAM_2_HQ/InteractArea" unique_id=2074951892 instance=ExtResource("8_2pdrm")]
transform = Transform3D(1, 0, 0, 0, 1, 0, 0, 0, 1, 0, 2, 0)
ObjId = 5012
iconTextVisible = true
iconColor = [0.0, 0.0, 1.0]
iconImagePicker = 7
iconTeamOwnerId = 2

[node name="TransportSpawner2" parent="TEAM_2_HQ" unique_id=816621635 instance=ExtResource("5_f4eve")]
transform = Transform3D(1, 0, 0, 0, 1, 0, 0, 0, 1, 4.05432, 0.911949, -2.43503)
ObjId = 704
VehicleType = 9
P_DefaultRespawnTime = 30
P_KeepAliveAbandonRadius = 10

[node name="CapturePointA" parent="." unique_id=1970705186 node_paths=PackedStringArray("CaptureArea", "InfantrySpawnPoints_Team1", "InfantrySpawnPoints_Team2") instance=ExtResource("9_4iycq")]
transform = Transform3D(1, 0, 0, 0, 1, 0, 0, 0, 1, 791.238, 82.1829, 167.678)
ObjId = 201
CaptureArea = NodePath("CaptureArea")
InfantrySpawnPoints_Team1 = [NodePath("Spawns/Team1/SpawnPoint"), NodePath("Spawns/Team1/SpawnPoint2"), NodePath("Spawns/Team1/SpawnPoint3"), NodePath("Spawns/Team1/SpawnPoint4"), NodePath("Spawns/Team1/SpawnPoint5")]
InfantrySpawnPoints_Team2 = [NodePath("Spawns/Team2/SpawnPoint"), NodePath("Spawns/Team2/SpawnPoint2"), NodePath("Spawns/Team2/SpawnPoint3"), NodePath("Spawns/Team2/SpawnPoint4"), NodePath("Spawns/Team2/SpawnPoint5")]

[node name="CaptureArea" parent="CapturePointA" unique_id=1948406794 instance=ExtResource("2_jcr6o")]
transform = Transform3D(1, 0, 0, 0, 1, 0, 0, 0, 1, -0.656006, 0, -6.52563)
points = PackedVector2Array(-16.4506, 3.34678, -10.6757, 15.286, 5.37102, 17.4911, 6.0515, 10.2057, 15.6586, 3.48075, 8.62089, -13.2554, 5.28464, -13.4774, 5.19346, -14.7237, -19.0538, -8.35386)
height = 3.0

[node name="Spawns" type="Node3D" parent="CapturePointA" unique_id=1069235893]

[node name="Team1" type="Node3D" parent="CapturePointA/Spawns" unique_id=206213503]

[node name="SpawnPoint" parent="CapturePointA/Spawns/Team1" unique_id=1604289097 instance=ExtResource("3_ayy6m")]
transform = Transform3D(-0.511638, 0, -0.859201, 0, 1, 0, 0.859201, 0, -0.511638, 34.7782, 3.59389, 33.455)

[node name="SpawnPoint2" parent="CapturePointA/Spawns/Team1" unique_id=204554791 instance=ExtResource("3_ayy6m")]
transform = Transform3D(0.388465, 0, -0.921463, 0, 1, 0, 0.921463, 0, 0.388465, 33.6243, -1.65493, -35.3924)

[node name="SpawnPoint3" parent="CapturePointA/Spawns/Team1" unique_id=1788644370 instance=ExtResource("3_ayy6m")]
transform = Transform3D(-0.685742, 0, -0.727845, 0, 1, 0, 0.727845, 0, -0.685742, 20.7192, 6.20372, 51.0255)

[node name="SpawnPoint4" parent="CapturePointA/Spawns/Team1" unique_id=2141835707 instance=ExtResource("3_ayy6m")]
transform = Transform3D(0.759464, 0, -0.650549, 0, 1, 0, 0.650549, 0, 0.759464, 45.0038, 0.140976, -4.10739)

[node name="SpawnPoint5" parent="CapturePointA/Spawns/Team1" unique_id=479224816 instance=ExtResource("3_ayy6m")]
transform = Transform3D(0.623129, 0, -0.782119, 0, 1, 0, 0.782119, 0, 0.623129, 29.9882, -3.90141, -62.7819)

[node name="Team2" type="Node3D" parent="CapturePointA/Spawns" unique_id=1231768067]

[node name="SpawnPoint" parent="CapturePointA/Spawns/Team2" unique_id=1110458463 instance=ExtResource("3_ayy6m")]
transform = Transform3D(-0.313147, 0, 0.949704, 0, 1, 0, -0.949704, 0, -0.313147, -53.9004, -1.96186, 28.5234)

[node name="SpawnPoint2" parent="CapturePointA/Spawns/Team2" unique_id=597867399 instance=ExtResource("3_ayy6m")]
transform = Transform3D(0.103678, 0, 0.994611, 0, 1, 0, -0.994611, 0, 0.103678, -57.8109, -3.03565, 4.16292)

[node name="SpawnPoint3" parent="CapturePointA/Spawns/Team2" unique_id=1279831129 instance=ExtResource("3_ayy6m")]
transform = Transform3D(-0.195433, 0, 0.980718, 0, 1, 0, -0.980718, 0, -0.195433, -35.047, 3.64222, 59.7646)

[node name="SpawnPoint4" parent="CapturePointA/Spawns/Team2" unique_id=1957945825 instance=ExtResource("3_ayy6m")]
transform = Transform3D(0.136961, 0, 0.990576, 0, 1, 0, -0.990576, 0, 0.136961, -71.8296, -3.95088, 12.5427)

[node name="SpawnPoint5" parent="CapturePointA/Spawns/Team2" unique_id=1279742949 instance=ExtResource("3_ayy6m")]
transform = Transform3D(0.224679, 0, 0.974433, 0, 1, 0, -0.974433, 0, 0.224679, -56.2197, 0.0535049, 36.2985)

[node name="CapturePointB" parent="." unique_id=562673692 node_paths=PackedStringArray("CaptureArea", "InfantrySpawnPoints_Team1", "InfantrySpawnPoints_Team2") instance=ExtResource("9_4iycq")]
transform = Transform3D(1, 0, 0, 0, 1, 0, 0, 0, 1, 709.077, 75.0112, 101.823)
ObjId = 202
CaptureArea = NodePath("CaptureArea")
InfantrySpawnPoints_Team1 = [NodePath("Spawns/Team1/SpawnPoint"), NodePath("Spawns/Team1/SpawnPoint2"), NodePath("Spawns/Team1/SpawnPoint3"), NodePath("Spawns/Team1/SpawnPoint4"), NodePath("Spawns/Team1/SpawnPoint5")]
InfantrySpawnPoints_Team2 = [NodePath("Spawns/Team2/SpawnPoint"), NodePath("Spawns/Team2/SpawnPoint2"), NodePath("Spawns/Team2/SpawnPoint3"), NodePath("Spawns/Team2/SpawnPoint4"), NodePath("Spawns/Team2/SpawnPoint5")]

[node name="CaptureArea" parent="CapturePointB" unique_id=1404983884 instance=ExtResource("2_jcr6o")]
transform = Transform3D(1, 0, 0, 0, 1, 0, 0, 0, 1, -0.778748, -0.735519, -1.25455)
points = PackedVector2Array(1.49786, -9.48165, -12.6751, 4.44045, -7.29277, 7.67597, -1.75964, 10.1498, 14.0858, -0.506332, 5.97498, -12.5784)
height = 6.0

[node name="Spawns" type="Node3D" parent="CapturePointB" unique_id=1758387950]

[node name="Team1" type="Node3D" parent="CapturePointB/Spawns" unique_id=1576591812]

[node name="SpawnPoint" parent="CapturePointB/Spawns/Team1" unique_id=1904485852 instance=ExtResource("3_ayy6m")]
transform = Transform3D(0.956142, 0, 0.292905, 0, 1, 0, -0.292905, 0, 0.956142, 8.10229, -2.38796, -42.9916)

[node name="SpawnPoint2" parent="CapturePointB/Spawns/Team1" unique_id=1490684765 instance=ExtResource("3_ayy6m")]
transform = Transform3D(0.551006, 0, -0.834502, 0, 1, 0, 0.834502, 0, 0.551006, 60.2515, 5.13367, -22.1826)

[node name="SpawnPoint3" parent="CapturePointB/Spawns/Team1" unique_id=2033684692 instance=ExtResource("3_ayy6m")]
transform = Transform3D(0.870089, 0, 0.492895, 0, 1, 0, -0.492895, 0, 0.870089, 0.597778, -3.26007, -41.5566)

[node name="SpawnPoint4" parent="CapturePointB/Spawns/Team1" unique_id=437072764 instance=ExtResource("3_ayy6m")]
transform = Transform3D(0.955696, 0, 0.294357, 0, 1, 0, -0.294357, 0, 0.955696, 76.018, 5.42883, -16.3388)

[node name="SpawnPoint5" parent="CapturePointB/Spawns/Team1" unique_id=1308627879 instance=ExtResource("3_ayy6m")]
transform = Transform3D(0.960401, 0, 0.278622, 0, 1, 0, -0.278622, 0, 0.960401, 48.0137, 5.9845, -21.3613)

[node name="Team2" type="Node3D" parent="CapturePointB/Spawns" unique_id=620560701]

[node name="SpawnPoint" parent="CapturePointB/Spawns/Team2" unique_id=78797793 instance=ExtResource("3_ayy6m")]
transform = Transform3D(0.649992, 0, 0.759941, 0, 1, 0, -0.759941, 0, 0.649992, -54.7643, -3.35395, 16.6944)

[node name="SpawnPoint2" parent="CapturePointB/Spawns/Team2" unique_id=589476778 instance=ExtResource("3_ayy6m")]
transform = Transform3D(-0.530082, 0, 0.847947, 0, 1, 0, -0.847947, 0, -0.530082, -46.3901, -3.26457, 49.4598)

[node name="SpawnPoint3" parent="CapturePointB/Spawns/Team2" unique_id=1364278881 instance=ExtResource("3_ayy6m")]
transform = Transform3D(0.30044, 0, 0.953801, 0, 1, 0, -0.953801, 0, 0.30044, -64.0575, -2.44766, 20.0057)

[node name="SpawnPoint4" parent="CapturePointB/Spawns/Team2" unique_id=2109289104 instance=ExtResource("3_ayy6m")]
transform = Transform3D(0.382103, 0, 0.92412, 0, 1, 0, -0.92412, 0, 0.382103, -20.8547, 1.55128, 75.1188)

[node name="SpawnPoint5" parent="CapturePointB/Spawns/Team2" unique_id=1182526774 instance=ExtResource("3_ayy6m")]
transform = Transform3D(-0.769087, 0, 0.639144, 0, 1, 0, -0.639144, 0, -0.769087, -24.8288, -3.86858, -21.2862)

[node name="CapturePointC" parent="." unique_id=1806260575 node_paths=PackedStringArray("CaptureArea", "InfantrySpawnPoints_Team1", "InfantrySpawnPoints_Team2") instance=ExtResource("9_4iycq")]
transform = Transform3D(1, 0, 0, 0, 1, 0, 0, 0, 1, 641.66, 75.4743, 195.968)
ObjId = 203
CaptureArea = NodePath("CaptureArea")
InfantrySpawnPoints_Team1 = [NodePath("Spawns/Team1/SpawnPoint"), NodePath("Spawns/Team1/SpawnPoint2"), NodePath("Spawns/Team1/SpawnPoint3"), NodePath("Spawns/Team1/SpawnPoint4"), NodePath("Spawns/Team1/SpawnPoint5")]
InfantrySpawnPoints_Team2 = [NodePath("Spawns/Team2/SpawnPoint"), NodePath("Spawns/Team2/SpawnPoint2"), NodePath("Spawns/Team2/SpawnPoint3"), NodePath("Spawns/Team2/SpawnPoint4"), NodePath("Spawns/Team2/SpawnPoint5")]

[node name="CaptureArea" parent="CapturePointC" unique_id=1153086817 instance=ExtResource("2_jcr6o")]
transform = Transform3D(1, 0, 0, 0, 1, 0, 0, 0, 1, -1.6994, -0.0872726, 2.2988)
points = PackedVector2Array(15.0853, -12.5121, -14.9764, -12.4032, -14.9764, 12.4849, 14.8675, 12.4304)
height = 6.0

[node name="Spawns" type="Node3D" parent="CapturePointC" unique_id=1028554394]

[node name="Team1" type="Node3D" parent="CapturePointC/Spawns" unique_id=793880023]

[node name="SpawnPoint" parent="CapturePointC/Spawns/Team1" unique_id=2078113339 instance=ExtResource("3_ayy6m")]
transform = Transform3D(-0.992812, 0, -0.119686, 0, 1, 0, 0.119686, 0, -0.992812, 54.3968, 7.1793, 47.6707)

[node name="SpawnPoint2" parent="CapturePointC/Spawns/Team1" unique_id=918305296 instance=ExtResource("3_ayy6m")]
transform = Transform3D(0.996242, 0, -0.0866166, 0, 1, 0, 0.0866166, 0, 0.996242, 72.3349, 2.76276, -6.24295)

[node name="SpawnPoint3" parent="CapturePointC/Spawns/Team1" unique_id=31083830 instance=ExtResource("3_ayy6m")]
transform = Transform3D(-0.268987, 0, -0.963144, 0, 1, 0, 0.963144, 0, -0.268987, 70.2994, 7.35402, 35.1907)

[node name="SpawnPoint4" parent="CapturePointC/Spawns/Team1" unique_id=247242794 instance=ExtResource("3_ayy6m")]
transform = Transform3D(-0.899054, 0, -0.437838, 0, 1, 0, 0.437838, 0, -0.899054, 69.6174, 2.37885, -17.5417)

[node name="SpawnPoint5" parent="CapturePointC/Spawns/Team1" unique_id=1497481576 instance=ExtResource("3_ayy6m")]
transform = Transform3D(-0.450223, 0, -0.892916, 0, 1, 0, 0.892916, 0, -0.450223, 86.4588, 8.34386, 38.7262)

[node name="Team2" type="Node3D" parent="CapturePointC/Spawns" unique_id=117618810]

[node name="SpawnPoint" parent="CapturePointC/Spawns/Team2" unique_id=666733148 instance=ExtResource("3_ayy6m")]
transform = Transform3D(0.964704, 0, 0.263334, 0, 1, 0, -0.263334, 0, 0.964704, -50.6841, -3.27723, -39.0801)

[node name="SpawnPoint2" parent="CapturePointC/Spawns/Team2" unique_id=676931907 instance=ExtResource("3_ayy6m")]
transform = Transform3D(0.778057, 0, 0.628194, 0, 1, 0, -0.628194, 0, 0.778057, -47.5944, 3.93105, 25.8747)

[node name="SpawnPoint3" parent="CapturePointC/Spawns/Team2" unique_id=269084926 instance=ExtResource("3_ayy6m")]
transform = Transform3D(0.0285672, 0, 0.999592, 0, 1, 0, -0.999592, 0, 0.0285672, -26.6275, -2.64154, -59.8299)

[node name="SpawnPoint4" parent="CapturePointC/Spawns/Team2" unique_id=1234723308 instance=ExtResource("3_ayy6m")]
transform = Transform3D(1, 0, 0, 0, 1, 0, 0, 0, 1, -48.2084, -2.60703, -43.4332)

[node name="SpawnPoint5" parent="CapturePointC/Spawns/Team2" unique_id=1207115765 instance=ExtResource("3_ayy6m")]
transform = Transform3D(0.614382, 0, 0.789009, 0, 1, 0, -0.789009, 0, 0.614382, -51.7919, -3.75322, 2.2856)

[node name="CombatArea" parent="." unique_id=2002055860 node_paths=PackedStringArray("CombatVolume") instance=ExtResource("10_eoimc")]
transform = Transform3D(1, 0, 0, 0, 1, 0, 0, 0, 1, 1458.32, 33.5003, 0)
CombatVolume = NodePath("CombatVolume")

[node name="CombatVolume" parent="CombatArea" unique_id=1009776665 instance=ExtResource("2_jcr6o")]
transform = Transform3D(1, 0, 0, 0, 1, 0, 0, 0, 1, -728.699, 57.362, 164.906)
points = PackedVector2Array(46.1404, -125.748, 6.22056, -100.531, -5.058, -107.782, -26.0368, -108.492, -23.6518, -99.9908, -46.547, -87.2384, -59.5338, -77.2427, -67.2964, -56.8955, -113.554, -57.7462, -131.173, -14.6141, -130.047, 46.9621, -140.843, 47.7234, -137.635, 60.3996, -131.318, 66.1145, -123.949, 66.7161, -117.332, 74.6868, -59.8936, 74.065, -34.3458, 82.9585, 2.79623, 80.2209, 11.7792, 74.5972, 17.4032, 73.7208, 18.3522, 77.9568, 31.5712, 74.232, 37.6192, 69.333, 76.1132, 63.6101, 118.2, 83.1484, 186.437, -1.97152, 162.347, -20.6446, 138.847, -46.7369, 114.685, -28.9071)

[node name="Camera3D" type="Camera3D" parent="." unique_id=645032591]
transform = Transform3D(1, 0, 0, 0, 0.101056, 0.994881, 0, -0.994881, 0.101056, 747.458, 373.711, 132.759)

[node name="DeployCam" parent="Camera3D" unique_id=661914525 instance=ExtResource("11_kmqvk")]
transform = Transform3D(1, 0, 0, 0, -4.37114e-08, 1, 0, -1, -4.37114e-08, 0, 0, 0)

[node name="Extra_Assets" type="Node3D" parent="." unique_id=1657409572]

[node name="Static" type="Node3D" parent="." unique_id=789033707]

[node name="MP_Battery_Terrain" parent="Static" unique_id=771597546 instance=ExtResource("12_lmorw")]
metadata/_edit_lock_ = true

[node name="MP_Battery_Assets" parent="Static" unique_id=567970471 instance=ExtResource("13_cuw2a")]
metadata/_edit_lock_ = true

[node name="Sector" parent="." unique_id=1482139928 node_paths=PackedStringArray("SectorArea", "CapturePoints") instance=ExtResource("14_o8jvo")]
SectorArea = NodePath("../CombatArea/CombatVolume")
CapturePoints = [NodePath("../CapturePointA"), NodePath("../CapturePointB"), NodePath("../CapturePointC")]

[node name="Version" parent="." unique_id=384602498 instance=ExtResource("15_6r41m")]
transform = Transform3D(1, 0, 0, 0, 1, 0, 0, 0, 1, 2, 2, 1)
ObjId = 1001

[node name="RestrictedAreas" type="Node3D" parent="." unique_id=1215014363]
transform = Transform3D(1, 0, 0, 0, 1, 0, 0, 0, 1, -197.022, 67.926, -45.87)

[node name="AreaTrigger" parent="RestrictedAreas" unique_id=1387885859 node_paths=PackedStringArray("Area") instance=ExtResource("16_vwsev")]
transform = Transform3D(1, 0, 0, 0, 1, 0, 0, 0, 1, 197.022, -67.926, 45.87)
ObjId = 20001
Area = NodePath("../PolygonVolume")

[node name="PolygonVolume" parent="RestrictedAreas" unique_id=1202699696 instance=ExtResource("2_jcr6o")]
transform = Transform3D(1, 0, 0, 0, 1, 0, 0, 0, 1, 988.76697, 18.043495, 205.29994)
points = PackedVector2Array(-33.00116, -3.8830261, -29.927551, 8.384064, 6.9591064, -1.2203827, 4.1879272, -13.244812)
height = 8.0

[node name="AreaTrigger2" parent="RestrictedAreas" unique_id=719099037 node_paths=PackedStringArray("Area") instance=ExtResource("16_vwsev")]
transform = Transform3D(1, 0, 0, 0, 1, 0, 0, 0, 1, 197.022, -67.926, 45.87)
ObjId = 20002
Area = NodePath("../PolygonVolume")

[node name="PolygonVolume1" parent="RestrictedAreas" unique_id=338177445 instance=ExtResource("2_jcr6o")]
transform = Transform3D(1, 0, 0, 0, 1, 0, 0, 0, 1, 891.3544, 10.83522, 146.94125)
points = PackedVector2Array(5.812744, -18.953957, -7.815918, -5.449539, -15.347656, 3.4287415, -15.002136, 7.2104034, -5.9766235, 14.842499, 0.7324829, 18.725586, 6.487915, 7.609848, 0.74090576, 3.8927612, 15.207764, -9.737267, 25.689209, -16.232819, 18.233948, -27.099579)
height = 6.0
