[gd_scene format=3 uid="uid://dpxa31a4xts3r"]

[ext_resource type="PackedScene" path="res://objects/Gameplay/Common/HQ_PlayerSpawner.tscn" id="1_54ydm"]
[ext_resource type="PackedScene" uid="uid://jv31so3xcr7p" path="res://addons/bf_portal/portal_tools/types/PolygonVolume/PolygonVolume.tscn" id="2_74wyv"]
[ext_resource type="PackedScene" path="res://objects/entities/SpawnPoint.tscn" id="3_q34lp"]
[ext_resource type="PackedScene" path="res://objects/props/FlagPole_01_USA.tscn" id="4_1l44h"]
[ext_resource type="PackedScene" path="res://objects/Gameplay/Common/InteractPoint.tscn" id="5_62e7g"]
[ext_resource type="Script" uid="uid://3hvpbglts2bi" path="res://scripts/gameplay/common/WorldIcon.gd" id="6_wrus4"]
[ext_resource type="PackedScene" path="res://objects/Gameplay/Common/WorldIcon.tscn" id="7_2851d"]
[ext_resource type="PackedScene" path="res://objects/gameplay/common/VehicleSpawner.tscn" id="8_6hqo2"]
[ext_resource type="PackedScene" path="res://objects/Gameplay/Common/CombatArea.tscn" id="9_cbofy"]
[ext_resource type="PackedScene" path="res://objects/gameplay/common/DeployCam.tscn" id="10_7k8eo"]
[ext_resource type="PackedScene" path="res://static/MP_GolmudRailway_Assets.tscn" id="11_idu2s"]
[ext_resource type="PackedScene" path="res://static/MP_GolmudRailway_Terrain.tscn" id="12_o8enh"]
[ext_resource type="PackedScene" path="res://objects/Gameplay/Conquest/CapturePoint.tscn" id="13_gc0wr"]
[ext_resource type="PackedScene" path="res://objects/gameplay/common/AreaTrigger.tscn" id="14_y8dxk"]
[ext_resource type="PackedScene" path="res://objects/Gameplay/Common/Sector.tscn" id="16_oia2c"]
[ext_resource type="PackedScene" path="res://objects/props/BarrierStoneBlock_01_A.tscn" id="17_dw0lv"]

[node name="MP_GolmudRailway" type="Node3D" unique_id=1750138973]

[node name="TEAM_1_HQ" parent="." unique_id=318162035 node_paths=PackedStringArray("HQArea", "InfantrySpawns") instance=ExtResource("1_54ydm")]
transform = Transform3D(1, 0, 0, 0, 1, 0, 0, 0, 1, -387.96835, 730.59143, 789.29333)
AltTeam = 0
ObjId = 101
HQArea = NodePath("HQ_Team1")
InfantrySpawns = [NodePath("SpawnPoint_1_1"), NodePath("SpawnPoint_1_2"), NodePath("SpawnPoint_1_3")]

[node name="HQ_Team1" parent="TEAM_1_HQ" unique_id=1462476344 instance=ExtResource("2_74wyv")]
transform = Transform3D(1, 0, 0, 0, 1, 0, 0, 0, 1, 65.532, 30, 2.809)
points = PackedVector2Array(53.5, -76.29089, 37.266174, -162.00757, -102.63929, -76.7995, -87.15739, 65.87012, 8.312744, 144.11426, 40.51239, 97.09387, 52.8508, 7.4803467)

[node name="SpawnPoint_1_1" parent="TEAM_1_HQ" unique_id=813808884 instance=ExtResource("3_q34lp")]
transform = Transform3D(0.99980515, 0, 0.01975596, 0, 1, 0, -0.01975596, 0, 0.99980515, 9.750519, 0.33929443, -19.14624)

[node name="SpawnPoint_1_2" parent="TEAM_1_HQ" unique_id=955201346 instance=ExtResource("3_q34lp")]
transform = Transform3D(-0.13130452, 0, 0.9913421, 0, 1, 0, -0.9913421, 0, -0.13130452, -7.4398193, -0.42590332, -1.7599487)

[node name="SpawnPoint_1_3" parent="TEAM_1_HQ" unique_id=1401923312 instance=ExtResource("3_q34lp")]
transform = Transform3D(0.098954976, 0, 0.995092, 0, 1, 0, -0.995092, 0, 0.098954976, -3.7980347, 0.05090332, -8.863281)

[node name="InteractArea" parent="TEAM_1_HQ" unique_id=1976321702 instance=ExtResource("4_1l44h")]
transform = Transform3D(-4.37114e-08, 0, 1, 0, 1, 0, -1, 0, -4.37114e-08, -4.326233, -0.67004395, -0.13183594)

[node name="InteractPointChangeTeam" parent="TEAM_1_HQ/InteractArea" unique_id=137172290 instance=ExtResource("5_62e7g")]
transform = Transform3D(1, 0, 0, 0, 1, 0, 0, 0, 1, 3, 1.99066, 0)
ObjId = 2001

[node name="WorldIcon" type="Node3D" parent="TEAM_1_HQ/InteractArea/InteractPointChangeTeam" unique_id=1396955158]
script = ExtResource("6_wrus4")
ObjId = 5001
iconTextVisible = true
iconColor = [0.0, 1.0, 0.0]
iconImagePicker = 6
iconImageVisible = true
iconTeamOwnerId = 1

[node name="InteractPointReady" parent="TEAM_1_HQ/InteractArea" unique_id=1782086846 instance=ExtResource("5_62e7g")]
transform = Transform3D(1, 0, 0, 0, 1, 0, 0, 0, 1, -3, 2.0472412, 0)
ObjId = 2002

[node name="WorldIcon" type="Node3D" parent="TEAM_1_HQ/InteractArea/InteractPointReady" unique_id=237369870]
script = ExtResource("6_wrus4")
ObjId = 5002
iconTextVisible = true
iconColor = [0.0, 0.5, 1.0]
iconImagePicker = 7
iconImageVisible = true
iconTeamOwnerId = 1

[node name="InteractPointSpectate" parent="TEAM_1_HQ/InteractArea" unique_id=1231073716 instance=ExtResource("5_62e7g")]
transform = Transform3D(1, 0, 0, 0, 1, 0, 0, 0, 1, 15.7337, 1, -4.16156)
ObjId = 6001

[node name="WorldIcon" parent="TEAM_1_HQ/InteractArea" unique_id=658589374 instance=ExtResource("7_2851d")]
transform = Transform3D(1, 0, 0, 0, 1, 0, 0, 0, 1, 0, 2, 0)
ObjId = 5011
iconTextVisible = true
iconColor = [0.0, 0.0, 1.0]
iconImagePicker = 7
iconTeamOwnerId = 1

[node name="IFVSpawner" parent="TEAM_1_HQ" unique_id=948197488 instance=ExtResource("8_6hqo2")]
transform = Transform3D(1, 0, 0, 0, 1, 0, 0, 0, 1, 7.669464, 0.092163086, -14.833069)
ObjId = 703
VehicleType = 17
P_DefaultRespawnTime = 120

[node name="BikeSpawner" parent="TEAM_1_HQ" unique_id=1490832059 instance=ExtResource("8_6hqo2")]
transform = Transform3D(-4.37114e-08, 0, 1, 0, 1, 0, -1, 0, -4.37114e-08, 1.4162903, 0.054260254, -5.048645)
ObjId = 705
VehicleType = 22
P_DefaultRespawnTime = 30
P_KeepAliveAbandonRadius = 10

[node name="TransportSpawner" parent="TEAM_1_HQ" unique_id=295621783 instance=ExtResource("8_6hqo2")]
transform = Transform3D(-4.3711392e-08, 0, 1.0000001, 0, 1, 0, -1.0000001, 0, -4.3711392e-08, 5.0202637, 0.20562744, 3.4206543)
ObjId = 707
VehicleType = 13
P_DefaultRespawnTime = 30
P_KeepAliveAbandonRadius = 10

[node name="TEAM_2_HQ" parent="." unique_id=1078552891 node_paths=PackedStringArray("HQArea", "InfantrySpawns") instance=ExtResource("1_54ydm")]
transform = Transform3D(1, 0, 0, 0, 1, 0, 0, 0, 1, 115.322296, 722.0209, 803.6306)
Team = 2
AltTeam = 0
ObjId = 102
HQArea = NodePath("HQ_Team2")
InfantrySpawns = [NodePath("SpawnPoint_2_1"), NodePath("SpawnPoint_2_2"), NodePath("SpawnPoint_2_3")]

[node name="HQ_Team2" parent="TEAM_2_HQ" unique_id=2108986634 instance=ExtResource("2_74wyv")]
transform = Transform3D(1, 0, 0, 0, 1, 0, 0, 0, 1, -41.701668, 15.799927, -21.732422)
points = PackedVector2Array(90.540276, 86.389824, 86.52801, -88.54273, -25.01139, -163.49371, -42.544598, -80.371704, -48.389114, 0.80145264, -43.843277, 96.25836, -18.517727, 156.65002)

[node name="SpawnPoint_2_1" parent="TEAM_2_HQ" unique_id=1295231402 instance=ExtResource("3_q34lp")]
transform = Transform3D(-0.33412024, 0, -0.9425312, 0, 1, 0, 0.9425312, 0, -0.33412024, -2.8306046, -1.6130981, -4.9658203)

[node name="SpawnPoint_2_2" parent="TEAM_2_HQ" unique_id=841518790 instance=ExtResource("3_q34lp")]
transform = Transform3D(0.5970371, 0, -0.8022136, 0, 1, 0, 0.8022136, 0, 0.5970371, -18.60572, -3.239746, -22.831665)

[node name="SpawnPoint_2_3" parent="TEAM_2_HQ" unique_id=876196129 instance=ExtResource("3_q34lp")]
transform = Transform3D(0.29008394, 0, -0.9570012, 0, 1, 0, 0.9570012, 0, 0.29008394, -5.9795685, 0.62731934, 13.1970215)

[node name="InteractArea" parent="TEAM_2_HQ" unique_id=1854575169 instance=ExtResource("4_1l44h")]
transform = Transform3D(-4.37114e-08, 0, -1, 0, 1, 0, 1, 0, -4.37114e-08, 0, -0.0927124, 5.215271)

[node name="InteractPointChangeTeam" parent="TEAM_2_HQ/InteractArea" unique_id=1244185789 instance=ExtResource("5_62e7g")]
transform = Transform3D(1, 0, 0, 0, 1, 0, 0, 0, 1, 3, 1.8585205, 0)
ObjId = 2003

[node name="WorldIcon" type="Node3D" parent="TEAM_2_HQ/InteractArea/InteractPointChangeTeam" unique_id=475658810]
script = ExtResource("6_wrus4")
ObjId = 5003
iconTextVisible = true
iconColor = [0.0, 1.0, 0.0]
iconImagePicker = 6
iconImageVisible = true
iconTeamOwnerId = 2

[node name="InteractPointReady" parent="TEAM_2_HQ/InteractArea" unique_id=1977615768 instance=ExtResource("5_62e7g")]
transform = Transform3D(1, 0, 0, 0, 1, 0, 0, 0, 1, -3, 1.8585205, 0)
ObjId = 2004

[node name="WorldIcon" type="Node3D" parent="TEAM_2_HQ/InteractArea/InteractPointReady" unique_id=2103724917]
script = ExtResource("6_wrus4")
ObjId = 5004
iconTextVisible = true
iconColor = [0.0, 0.5, 1.0]
iconImagePicker = 7
iconImageVisible = true
iconTeamOwnerId = 2

[node name="WorldIcon" parent="TEAM_2_HQ/InteractArea" unique_id=534604358 instance=ExtResource("7_2851d")]
transform = Transform3D(1, 0, 0, 0, 1, 0, 0, 0, 1, 0, 2, 0)
ObjId = 5012
iconTextVisible = true
iconColor = [0.0, 0.0, 1.0]
iconImagePicker = 7
iconTeamOwnerId = 2

[node name="IFVSpawner" parent="TEAM_2_HQ" unique_id=1411397337 instance=ExtResource("8_6hqo2")]
transform = Transform3D(0.7071068, 0, -0.7071068, 0, 1, 0, 0.7071068, 0, 0.7071068, -9.118408, -2.1714478, -5.010376)
ObjId = 704
VehicleType = 3
P_DefaultRespawnTime = 120

[node name="BikeSpawner" parent="TEAM_2_HQ" unique_id=730683553 instance=ExtResource("8_6hqo2")]
transform = Transform3D(0.49999997, 0, -0.86602545, 0, 1, 0, 0.86602545, 0, 0.49999997, -28.521675, -2.4020386, -9.162781)
ObjId = 706
VehicleType = 23
P_DefaultRespawnTime = 30
P_KeepAliveAbandonRadius = 10

[node name="TransportSpawner2" parent="TEAM_2_HQ" unique_id=1777961981 instance=ExtResource("8_6hqo2")]
transform = Transform3D(-4.3711385e-08, 0, -0.99999994, 0, 1, 0, 0.99999994, 0, -4.3711385e-08, -13.721901, 0.7404785, 12.072754)
ObjId = 708
VehicleType = 9
P_DefaultRespawnTime = 30
P_KeepAliveAbandonRadius = 10

[node name="CombatArea" parent="." unique_id=1862872307 node_paths=PackedStringArray("CombatVolume", "SurroundingVolume") instance=ExtResource("9_cbofy")]
CombatVolume = NodePath("CombatVolume")
SurroundingVolume = NodePath("AirCombatVolume")

[node name="CombatVolume" parent="CombatArea" unique_id=1436593119 instance=ExtResource("2_74wyv")]
transform = Transform3D(1, 0, 0, 0, 1, 0, 0, 0, 1, -126.94188, 957.817, 819.4844)
points = PackedVector2Array(-5.674395, -213.62114, -158.22887, -189.39027, -141.99446, -103.67245, -142.64381, -19.902729, -154.98198, 69.71134, -187.1812, 116.73185, -96.10826, 159.67702, 4.750852, 185.92397, 57.55547, 172.63087, 182.04489, 119.064064, 156.71921, 58.671917, 152.17355, -36.78658, 158.01791, -117.95876, 175.55112, -201.07906)

[node name="AirCombatVolume" parent="CombatArea" unique_id=1326619595 instance=ExtResource("2_74wyv")]
transform = Transform3D(1, 0, 0, 0, 1, 0, 0, 0, 1, -127.48546, 957.817, 819.9912)
points = PackedVector2Array(-7.0297394, -262.62738, -100.540085, -254.83484, -197.9467, -220.41785, -368.73297, -149.63568, -346.00476, 65.30823, -246.65001, 134.79163, -156.38023, 170.49554, -70.012985, 213.35461, 9.204689, 225.70447, 66.999306, 211.41833, 157.91214, 164.01361, 319.60718, 115.31036, 318.95776, -144.44067, 174.79593, -245.09418)

[node name="Camera3D" type="Camera3D" parent="." unique_id=1744108590]
transform = Transform3D(-1, -8.57397e-08, 1.70718e-08, 0, 0.195279, 0.980748, -8.74228e-08, 0.980748, -0.195279, -81.3089, 1459.67, 520.052)

[node name="DeployCam" parent="Camera3D" unique_id=1534447303 instance=ExtResource("10_7k8eo")]
transform = Transform3D(1, 0, 0, 0, 1, 0, 0, 0, 1, 40.851295, 274.29016, -54.614502)

[node name="Static" type="Node3D" parent="." unique_id=21351436]

[node name="MP_GolmudRailway_Assets" parent="Static" unique_id=941387659 instance=ExtResource("11_idu2s")]
metadata/_edit_lock_ = true

[node name="MP_GolmudRailway_Terrain" parent="Static" unique_id=1888274660 instance=ExtResource("12_o8enh")]
metadata/_edit_lock_ = true

[node name="CapturePointA" parent="." unique_id=1555053279 node_paths=PackedStringArray("CaptureArea", "InfantrySpawnPoints_Team1", "InfantrySpawnPoints_Team2") instance=ExtResource("13_gc0wr")]
transform = Transform3D(1, 0, 0, 0, 1, 0, 0, 0, 1, -134.47452, 729.5112, 699.86365)
ObjId = 201
CaptureArea = NodePath("CaptureArea")
InfantrySpawnPoints_Team1 = [NodePath("Team1/SpawnPoint"), NodePath("Team1/SpawnPoint2"), NodePath("Team1/SpawnPoint3"), NodePath("Team1/SpawnPoint4"), NodePath("Team1/SpawnPoint5")]
InfantrySpawnPoints_Team2 = [NodePath("Team2/SpawnPoint"), NodePath("Team2/SpawnPoint2"), NodePath("Team2/SpawnPoint3"), NodePath("Team2/SpawnPoint4"), NodePath("Team2/SpawnPoint5")]

[node name="CaptureArea" parent="CapturePointA" unique_id=1722271799 instance=ExtResource("2_74wyv")]
transform = Transform3D(1, 0, 0, 0, 1, 0, 0, 0, 1, -1.4370728, -0.048706055, -2.8615112)
points = PackedVector2Array(-10.921333, -13.046875, -10.813377, 13.127258, 10.953232, 13.263306, 10.781479, -13.343689)
height = 3.0

[node name="Team1" type="Node3D" parent="CapturePointA" unique_id=1040095171]

[node name="SpawnPoint" parent="CapturePointA/Team1" unique_id=1633882329 instance=ExtResource("3_q34lp")]
transform = Transform3D(0.9991785, 0, -0.04053262, 0, 1, 0, 0.04053262, 0, 0.9991785, -27.363693, -1.4154053, -56.190186)

[node name="SpawnPoint2" parent="CapturePointA/Team1" unique_id=1016880174 instance=ExtResource("3_q34lp")]
transform = Transform3D(0.88673306, -0.020866109, 0.46181044, 0.023524903, 0.999723, -1.13891424e-10, -0.46168318, 0.010863992, 0.88697827, -52.181625, -1.2727051, -26.90509)

[node name="SpawnPoint3" parent="CapturePointA/Team1" unique_id=1151468682 instance=ExtResource("3_q34lp")]
transform = Transform3D(-0.09919749, 0, 0.9950682, 0, 1, 0, -0.9950682, 0, -0.09919749, -54.527893, 0.88305664, -10.592163)

[node name="SpawnPoint4" parent="CapturePointA/Team1" unique_id=589023443 instance=ExtResource("3_q34lp")]
transform = Transform3D(-0.010558337, 0, 0.9999442, 0, 1, 0, -0.9999442, 0, -0.010558337, -51.97609, -6.163208, -51.105286)

[node name="SpawnPoint5" parent="CapturePointA/Team1" unique_id=849086990 instance=ExtResource("3_q34lp")]
transform = Transform3D(-0.77922857, 0, 0.62673986, 0, 1, 0, -0.62673986, 0, -0.77922857, -66.59277, -1.0465088, 23.012024)

[node name="Team2" type="Node3D" parent="CapturePointA" unique_id=1072923729]

[node name="SpawnPoint" parent="CapturePointA/Team2" unique_id=1150304905 instance=ExtResource("3_q34lp")]
transform = Transform3D(0.49598885, 0, -0.86832786, 0, 1, 0, 0.86832786, 0, 0.49598885, 43.785522, -7.210327, -53.434204)

[node name="SpawnPoint2" parent="CapturePointA/Team2" unique_id=830605032 instance=ExtResource("3_q34lp")]
transform = Transform3D(0.8032855, 0, -0.5955939, 0, 1, 0, 0.5955939, 0, 0.8032855, 46.878174, -1.4147339, -3.0847778)

[node name="SpawnPoint3" parent="CapturePointA/Team2" unique_id=2043240368 instance=ExtResource("3_q34lp")]
transform = Transform3D(0.679057, 0, -0.734085, 0, 1, 0, 0.734085, 0, 0.679057, 45.125786, 4.1749268, 38.964172)

[node name="SpawnPoint4" parent="CapturePointA/Team2" unique_id=317574533 instance=ExtResource("3_q34lp")]
transform = Transform3D(-0.13325915, 0, -0.9910811, 0, 1, 0, 0.9910811, 0, -0.13325915, 34.926773, -8.529602, -75.14545)

[node name="SpawnPoint5" parent="CapturePointA/Team2" unique_id=1058468444 instance=ExtResource("3_q34lp")]
transform = Transform3D(-0.5162636, 0, -0.8564292, 0, 1, 0, 0.8564292, 0, -0.5162636, 35.994637, -1.760437, -19.91504)

[node name="CapturePointB" parent="." unique_id=1537797603 node_paths=PackedStringArray("CaptureArea", "InfantrySpawnPoints_Team1", "InfantrySpawnPoints_Team2") instance=ExtResource("13_gc0wr")]
transform = Transform3D(1, 0, 0, 0, 1, 0, 0, 0, 1, -159.42754, 737.152, 799.8724)
ObjId = 202
CaptureArea = NodePath("CaptureArea")
InfantrySpawnPoints_Team1 = [NodePath("Team1/SpawnPoint"), NodePath("Team1/SpawnPoint2"), NodePath("Team1/SpawnPoint3"), NodePath("Team1/SpawnPoint4"), NodePath("Team1/SpawnPoint5")]
InfantrySpawnPoints_Team2 = [NodePath("Team2/SpawnPoint"), NodePath("Team2/SpawnPoint2"), NodePath("Team2/SpawnPoint3"), NodePath("Team2/SpawnPoint4"), NodePath("Team2/SpawnPoint5")]

[node name="CaptureArea" parent="CapturePointB" unique_id=1714696733 instance=ExtResource("2_74wyv")]
transform = Transform3D(1, 0, 0, 0, 1, 0, 0, 0, 1, 6.4475403, -1.2167358, 1.6453857)
points = PackedVector2Array(-12.936279, -11.857526, -13.265747, 11.2385435, 3.7684326, 8.3522215, 12.471863, 7.0818357, 9.961731, -14.815076)
height = 5.0

[node name="Team1" type="Node3D" parent="CapturePointB" unique_id=2027411780]

[node name="SpawnPoint" parent="CapturePointB/Team1" unique_id=1668258801 instance=ExtResource("3_q34lp")]
transform = Transform3D(0.27018017, 0, 0.96280974, 0, 1, 0, -0.96280974, 0, 0.27018017, -55.657837, 3.1391602, -0.6793213)

[node name="SpawnPoint2" parent="CapturePointB/Team1" unique_id=846344479 instance=ExtResource("3_q34lp")]
transform = Transform3D(0.46643248, 0, 0.8845566, 0, 1, 0, -0.8845566, 0, 0.46643248, -56.45018, 0.40301514, -29.568115)

[node name="SpawnPoint3" parent="CapturePointB/Team1" unique_id=141716395 instance=ExtResource("3_q34lp")]
transform = Transform3D(0.36898497, 0, 0.92943585, 0, 1, 0, -0.92943585, 0, 0.36898497, -42.667374, 1.0719604, 40.832703)

[node name="SpawnPoint4" parent="CapturePointB/Team1" unique_id=1238021747 instance=ExtResource("3_q34lp")]
transform = Transform3D(0.1555892, 0, 0.9878217, 0, 1, 0, -0.9878217, 0, 0.1555892, -56.81801, 0.17236328, 30.8479)

[node name="SpawnPoint5" parent="CapturePointB/Team1" unique_id=1244989146 instance=ExtResource("3_q34lp")]
transform = Transform3D(0.95110035, 0, 0.30888432, 0, 1, 0, -0.30888432, 0, 0.95110035, -55.72711, 2.0637207, -14.296997)

[node name="Team2" type="Node3D" parent="CapturePointB" unique_id=1312717160]

[node name="SpawnPoint" parent="CapturePointB/Team2" unique_id=1484186326 instance=ExtResource("3_q34lp")]
transform = Transform3D(0.9966446, 0, -0.081851184, 0, 1, 0, 0.081851184, 0, 0.9966446, 66.79129, 1.5151367, -6.7058105)

[node name="SpawnPoint2" parent="CapturePointB/Team2" unique_id=1279068761 instance=ExtResource("3_q34lp")]
transform = Transform3D(0.8711538, 0, -0.49100983, 0, 1, 0, 0.49100983, 0, 0.8711538, 66.693405, -1.395813, -33.6214)

[node name="SpawnPoint3" parent="CapturePointB/Team2" unique_id=853804532 instance=ExtResource("3_q34lp")]
transform = Transform3D(0.258583, 0, -0.965989, 0, 1, 0, 0.965989, 0, 0.258583, 82.37593, 0.168396, -21.42566)

[node name="SpawnPoint4" parent="CapturePointB/Team2" unique_id=351744091 instance=ExtResource("3_q34lp")]
transform = Transform3D(-0.9477574, 0, -0.31899205, 0, 1, 0, 0.31899205, 0, -0.9477574, 72.80655, 0.80810547, 30.274963)

[node name="SpawnPoint5" parent="CapturePointB/Team2" unique_id=1107230718 instance=ExtResource("3_q34lp")]
transform = Transform3D(-0.977629, 0, -0.210335, 0, 1, 0, 0.210335, 0, -0.977629, 63.018776, 1.3624268, 32.54712)

[node name="CapturePointC" parent="." unique_id=67385643 node_paths=PackedStringArray("CaptureArea", "InfantrySpawnPoints_Team1", "InfantrySpawnPoints_Team2") instance=ExtResource("13_gc0wr")]
transform = Transform3D(1, 0, 0, 0, 1, 0, 0, 0, 1, -107.50125, 740.0057, 894.4724)
ObjId = 203
CaptureArea = NodePath("CaptureArea")
InfantrySpawnPoints_Team1 = [NodePath("Team1/SpawnPoint"), NodePath("Team1/SpawnPoint2"), NodePath("Team1/SpawnPoint3"), NodePath("Team1/SpawnPoint4"), NodePath("Team1/SpawnPoint5")]
InfantrySpawnPoints_Team2 = [NodePath("Team2/SpawnPoint"), NodePath("Team2/SpawnPoint2"), NodePath("Team2/SpawnPoint3"), NodePath("Team2/SpawnPoint4"), NodePath("Team2/SpawnPoint5")]

[node name="CaptureArea" parent="CapturePointC" unique_id=1898202165 instance=ExtResource("2_74wyv")]
transform = Transform3D(1, 0, 0, 0, 1, 0, 0, 0, 1, 5.532509, -0.2668457, 1.2781372)
points = PackedVector2Array(-8.332176, -13.218213, -14.1757965, 14.48894, 0.23308563, 18.334644, 10.24173, -3.9635742, 12.033157, -15.641797)
height = 6.0

[node name="Team1" type="Node3D" parent="CapturePointC" unique_id=1782387020]

[node name="SpawnPoint" parent="CapturePointC/Team1" unique_id=2099539607 instance=ExtResource("3_q34lp")]
transform = Transform3D(-0.9321278, 0, 0.36212838, 0, 1, 0, -0.36212838, 0, -0.9321278, -60.63539, 5.195984, 29.17749)

[node name="SpawnPoint2" parent="CapturePointC/Team1" unique_id=2101370216 instance=ExtResource("3_q34lp")]
transform = Transform3D(-0.9994129, 0, -0.034270585, 0, 1, 0, 0.034270585, 0, -0.9994129, -51.419815, 7.905945, 46.55139)

[node name="SpawnPoint3" parent="CapturePointC/Team1" unique_id=1284612121 instance=ExtResource("3_q34lp")]
transform = Transform3D(0.957087, 0, -0.2898, 0, 1, 0, 0.2898, 0, 0.957087, -57.2063, 2.7025757, -3.0740967)

[node name="SpawnPoint4" parent="CapturePointC/Team1" unique_id=1814395022 instance=ExtResource("3_q34lp")]
transform = Transform3D(-0.35296878, 0, 0.9356357, 0, 1, 0, -0.9356357, 0, -0.35296878, -40.75937, 10.692139, 49.845764)

[node name="SpawnPoint5" parent="CapturePointC/Team1" unique_id=1121935575 instance=ExtResource("3_q34lp")]
transform = Transform3D(-0.41055977, 0, 0.9118341, 0, 1, 0, -0.9118341, 0, -0.41055977, -38.28688, 14.854126, 74.211914)

[node name="Team2" type="Node3D" parent="CapturePointC" unique_id=250126840]

[node name="SpawnPoint" parent="CapturePointC/Team2" unique_id=1574641130 instance=ExtResource("3_q34lp")]
transform = Transform3D(-0.8112577, 0, -0.5846883, 0, 1, 0, 0.5846883, 0, -0.8112577, 50.54134, 2.112671, 25.834412)

[node name="SpawnPoint2" parent="CapturePointC/Team2" unique_id=495852275 instance=ExtResource("3_q34lp")]
transform = Transform3D(0.0458685, 0, -0.998948, 0, 1, 0, 0.998948, 0, 0.0458685, 59.666855, 0.077819824, 17.070923)

[node name="SpawnPoint3" parent="CapturePointC/Team2" unique_id=488338385 instance=ExtResource("3_q34lp")]
transform = Transform3D(-0.80431336, 0, -0.59420544, 0, 1, 0, 0.59420544, 0, -0.80431336, 47.473057, 4.5807495, 44.208984)

[node name="SpawnPoint4" parent="CapturePointC/Team2" unique_id=1157410116 instance=ExtResource("3_q34lp")]
transform = Transform3D(-0.79385215, 0, -0.6081102, 0, 1, 0, 0.6081102, 0, -0.79385215, 69.66358, -2.612732, -15.304199)

[node name="SpawnPoint5" parent="CapturePointC/Team2" unique_id=1825057799 instance=ExtResource("3_q34lp")]
transform = Transform3D(0.31655997, 0, -0.94857246, 0, 1, 0, 0.94857246, 0, 0.31655997, 66.05694, -2.567871, -32.000305)

[node name="RestrictedAreas" type="Node3D" parent="." unique_id=498457431]

[node name="AreaTrigger" parent="RestrictedAreas" unique_id=99209113 instance=ExtResource("14_y8dxk")]
ObjId = 20001

[node name="PolygonVolume" parent="RestrictedAreas" unique_id=1295260285 instance=ExtResource("2_74wyv")]
transform = Transform3D(1, 0, 0, 0, 1, 0, 0, 0, 1, -78.303314, 742.2301, 848.7568)
points = PackedVector2Array(-7.651478, -10.806259, -8.172337, 11.110062, 7.506466, 10.893021, 8.3173485, -11.196823)
height = 12.0

[node name="AddedAssets" type="Node3D" parent="." unique_id=1772242045]

[node name="Sector" parent="." unique_id=1226531007 node_paths=PackedStringArray("SectorArea", "CapturePoints") instance=ExtResource("16_oia2c")]
SectorArea = NodePath("../CombatArea/CombatVolume")
CapturePoints = [NodePath("../CapturePointA"), NodePath("../CapturePointB"), NodePath("../CapturePointC")]

[node name="Version" parent="." unique_id=222238759 instance=ExtResource("17_dw0lv")]
transform = Transform3D(1, 0, 0, 0, 1, 0, 0, 0, 1, 1, 4, 0)
ObjId = 1001
