[gd_scene format=3 uid="uid://d3ykcs5cxvsr5"]

[ext_resource type="PackedScene" path="res://objects/Gameplay/Common/HQ_PlayerSpawner.tscn" id="1_uusxn"]
[ext_resource type="PackedScene" uid="uid://jv31so3xcr7p" path="res://addons/bf_portal/portal_tools/types/PolygonVolume/PolygonVolume.tscn" id="2_jwsxp"]
[ext_resource type="PackedScene" path="res://objects/entities/SpawnPoint.tscn" id="3_ixbl5"]
[ext_resource type="PackedScene" path="res://objects/props/FlagPole_01_USA.tscn" id="4_tqoo1"]
[ext_resource type="PackedScene" path="res://objects/Gameplay/Common/InteractPoint.tscn" id="5_5ombd"]
[ext_resource type="Script" uid="uid://3hvpbglts2bi" path="res://scripts/gameplay/common/WorldIcon.gd" id="6_blnt4"]
[ext_resource type="PackedScene" path="res://objects/Gameplay/Common/WorldIcon.tscn" id="7_kkhg1"]
[ext_resource type="PackedScene" path="res://objects/gameplay/common/VehicleSpawner.tscn" id="8_nyssh"]
[ext_resource type="PackedScene" path="res://objects/Gameplay/Common/CombatArea.tscn" id="9_55o16"]
[ext_resource type="PackedScene" path="res://objects/gameplay/common/DeployCam.tscn" id="10_uf2p8"]
[ext_resource type="PackedScene" path="res://static/MP_GolmudRailway_Assets.tscn" id="11_tv8uk"]
[ext_resource type="PackedScene" path="res://static/MP_GolmudRailway_Terrain.tscn" id="12_ba2sx"]
[ext_resource type="PackedScene" path="res://objects/props/BarrierStoneBlock_01_A.tscn" id="13_gsant"]
[ext_resource type="PackedScene" path="res://objects/Gameplay/Conquest/CapturePoint.tscn" id="14_ddsjm"]
[ext_resource type="PackedScene" path="res://objects/gameplay/common/AreaTrigger.tscn" id="15_ud3i1"]
[ext_resource type="PackedScene" path="res://objects/nature/RockLarge_06_WSNO.tscn" id="16_o2tqd"]
[ext_resource type="PackedScene" path="res://objects/Gameplay/Common/Sector.tscn" id="17_khx7h"]

[node name="MP_GolmudRailway" type="Node3D" unique_id=1750138973]

[node name="TEAM_1_HQ" parent="." unique_id=318162035 node_paths=PackedStringArray("HQArea", "InfantrySpawns") instance=ExtResource("1_uusxn")]
transform = Transform3D(1, 0, 0, 0, 1, 0, 0, 0, 1, -341.2132, 730.75226, 789.29333)
AltTeam = 0
ObjId = 101
HQArea = NodePath("HQ_Team1")
InfantrySpawns = [NodePath("SpawnPoint_1_1"), NodePath("SpawnPoint_1_2"), NodePath("SpawnPoint_1_3")]

[node name="HQ_Team1" parent="TEAM_1_HQ" unique_id=1462476344 instance=ExtResource("2_jwsxp")]
transform = Transform3D(1, 0, 0, 0, 1, 0, 0, 0, 1, 65.532166, 5, 2.8092651)
points = PackedVector2Array(53.180534, -74.7558, 36.239494, -160.8825, -102.63929, -76.7995, -87.15739, 65.87012, 7.126549, 144.97144, 40.026405, 96.42401, 53.223686, 5.172241)

[node name="SpawnPoint_1_1" parent="TEAM_1_HQ" unique_id=813808884 instance=ExtResource("3_ixbl5")]
transform = Transform3D(-0.7769815, 0, 0.62952393, 0, 1, 0, -0.62952393, 0, -0.7769815, 0, 2.333252, 18.765137)

[node name="SpawnPoint_1_2" parent="TEAM_1_HQ" unique_id=955201346 instance=ExtResource("3_ixbl5")]
transform = Transform3D(-0.13130452, 0, 0.9913421, 0, 1, 0, -0.9913421, 0, -0.13130452, -7.4398193, 0.16290283, -1.7599487)

[node name="SpawnPoint_1_3" parent="TEAM_1_HQ" unique_id=1401923312 instance=ExtResource("3_ixbl5")]
transform = Transform3D(-0.0428871, 0, 0.99908, 0, 1, 0, -0.99908, 0, -0.0428871, -8.752777, 1.1204834, 9.357727)

[node name="InteractArea" parent="TEAM_1_HQ" unique_id=1976321702 instance=ExtResource("4_tqoo1")]
transform = Transform3D(-4.37114e-08, 0, 1, 0, 1, 0, -1, 0, -4.37114e-08, -4.326233, -0.29455566, 3.050476)

[node name="InteractPointChangeTeam" parent="TEAM_1_HQ/InteractArea" unique_id=137172290 instance=ExtResource("5_5ombd")]
transform = Transform3D(1, 0, 0, 0, 1, 0, 0, 0, 1, 3, 1.99066, 0)
ObjId = 2001

[node name="WorldIcon" type="Node3D" parent="TEAM_1_HQ/InteractArea/InteractPointChangeTeam" unique_id=1396955158]
script = ExtResource("6_blnt4")
ObjId = 5001
iconTextVisible = true
iconColor = [0.0, 1.0, 0.0]
iconImagePicker = 6
iconImageVisible = true
iconTeamOwnerId = 1

[node name="InteractPointReady" parent="TEAM_1_HQ/InteractArea" unique_id=1782086846 instance=ExtResource("5_5ombd")]
transform = Transform3D(1, 0, 0, 0, 1, 0, 0, 0, 1, -3, 2.0472412, 0)
ObjId = 2002

[node name="WorldIcon" type="Node3D" parent="TEAM_1_HQ/InteractArea/InteractPointReady" unique_id=237369870]
script = ExtResource("6_blnt4")
ObjId = 5002
iconTextVisible = true
iconColor = [0.0, 0.5, 1.0]
iconImagePicker = 7
iconImageVisible = true
iconTeamOwnerId = 1

[node name="InteractPointSpectate" parent="TEAM_1_HQ/InteractArea" unique_id=1231073716 instance=ExtResource("5_5ombd")]
transform = Transform3D(1, 0, 0, 0, 1, 0, 0, 0, 1, 15.7337, 1, -4.16156)
ObjId = 6001

[node name="WorldIcon" parent="TEAM_1_HQ/InteractArea" unique_id=658589374 instance=ExtResource("7_kkhg1")]
transform = Transform3D(1, 0, 0, 0, 1, 0, 0, 0, 1, 0, 2, 0)
ObjId = 5011
iconTextVisible = true
iconColor = [0.0, 0.0, 1.0]
iconImagePicker = 7
iconTeamOwnerId = 1

[node name="MBTSpawner" parent="TEAM_1_HQ" unique_id=625522602 instance=ExtResource("8_nyssh")]
transform = Transform3D(-1, 0, -8.742278e-08, 0, 1, 0, 8.742278e-08, 0, -1, 8.630981, 2.560852, 16.710999)
ObjId = 701
P_DefaultRespawnTime = 120

[node name="IFVSpawner" parent="TEAM_1_HQ" unique_id=948197488 instance=ExtResource("8_nyssh")]
transform = Transform3D(-1, 0, -8.742278e-08, 0, 1, 0, 8.742278e-08, 0, -1, 3.4208374, 2.56073, 18.040344)
ObjId = 703
VehicleType = 17
P_DefaultRespawnTime = 120

[node name="BikeSpawner" parent="TEAM_1_HQ" unique_id=1490832059 instance=ExtResource("8_nyssh")]
transform = Transform3D(-4.37114e-08, 0, 1, 0, 1, 0, -1, 0, -4.37114e-08, -6.573761, 0.054260254, -5.048645)
ObjId = 705
VehicleType = 22
P_DefaultRespawnTime = 30
P_KeepAliveAbandonRadius = 10

[node name="TEAM_2_HQ" parent="." unique_id=1078552891 node_paths=PackedStringArray("HQArea", "InfantrySpawns") instance=ExtResource("1_uusxn")]
transform = Transform3D(1, 0, 0, 0, 1, 0, 0, 0, 1, 65.32022, 722.5502, 803.6306)
Team = 2
AltTeam = 0
ObjId = 102
HQArea = NodePath("HQ_Team2")
InfantrySpawns = [NodePath("SpawnPoint_2_1"), NodePath("SpawnPoint_2_2"), NodePath("SpawnPoint_2_3")]

[node name="HQ_Team2" parent="TEAM_2_HQ" unique_id=2108986634 instance=ExtResource("2_jwsxp")]
transform = Transform3D(1, 0, 0, 0, 1, 0, 0, 0, 1, 0, 15.799927, 0)
points = PackedVector2Array(48.838608, 64.65741, 44.82634, -110.27515, -67.002686, -185.75537, -83.093895, -104.288635, -90.33295, -23.861206, -85.11624, 72.40741, -60.030857, 134.98865)

[node name="SpawnPoint_2_1" parent="TEAM_2_HQ" unique_id=1295231402 instance=ExtResource("3_ixbl5")]
transform = Transform3D(-0.33412024, 0, -0.9425312, 0, 1, 0, 0.9425312, 0, -0.33412024, -2.956749, 4.0040894, 26.163635)

[node name="SpawnPoint_2_2" parent="TEAM_2_HQ" unique_id=841518790 instance=ExtResource("3_ixbl5")]
transform = Transform3D(0.5970371, 0, -0.8022136, 0, 1, 0, 0.8022136, 0, 0.5970371, 9.453148, -1.5058594, -4.8096313)

[node name="SpawnPoint_2_3" parent="TEAM_2_HQ" unique_id=876196129 instance=ExtResource("3_ixbl5")]
transform = Transform3D(0.29008394, 0, -0.9570012, 0, 1, 0, 0.9570012, 0, 0.29008394, 6.1396103, 0.5079956, 8.378784)

[node name="InteractArea" parent="TEAM_2_HQ" unique_id=1854575169 instance=ExtResource("4_tqoo1")]
transform = Transform3D(-4.37114e-08, 0, -1, 0, 1, 0, 1, 0, -4.37114e-08, 0, -0.7842407, -0.01940918)

[node name="InteractPointChangeTeam" parent="TEAM_2_HQ/InteractArea" unique_id=1244185789 instance=ExtResource("5_5ombd")]
transform = Transform3D(1, 0, 0, 0, 1, 0, 0, 0, 1, 3, 1.8585205, 0)
ObjId = 2003

[node name="WorldIcon" type="Node3D" parent="TEAM_2_HQ/InteractArea/InteractPointChangeTeam" unique_id=475658810]
script = ExtResource("6_blnt4")
ObjId = 5003
iconTextVisible = true
iconColor = [0.0, 1.0, 0.0]
iconImagePicker = 6
iconImageVisible = true
iconTeamOwnerId = 2

[node name="InteractPointReady" parent="TEAM_2_HQ/InteractArea" unique_id=1977615768 instance=ExtResource("5_5ombd")]
transform = Transform3D(1, 0, 0, 0, 1, 0, 0, 0, 1, -3, 1.8585205, 0)
ObjId = 2004

[node name="WorldIcon" type="Node3D" parent="TEAM_2_HQ/InteractArea/InteractPointReady" unique_id=2103724917]
script = ExtResource("6_blnt4")
ObjId = 5004
iconTextVisible = true
iconColor = [0.0, 0.5, 1.0]
iconImagePicker = 7
iconImageVisible = true
iconTeamOwnerId = 2

[node name="WorldIcon" parent="TEAM_2_HQ/InteractArea" unique_id=534604358 instance=ExtResource("7_kkhg1")]
transform = Transform3D(1, 0, 0, 0, 1, 0, 0, 0, 1, 0, 2, 0)
ObjId = 5012
iconTextVisible = true
iconColor = [0.0, 0.0, 1.0]
iconImagePicker = 7
iconTeamOwnerId = 2

[node name="ΜΒΤSpawner" parent="TEAM_2_HQ" unique_id=2044437292 instance=ExtResource("8_nyssh")]
transform = Transform3D(-1, 0, -8.742278e-08, 0, 1, 0, 8.742278e-08, 0, -1, -15.131119, 4.954468, 28.85022)
ObjId = 702
VehicleType = 1
P_DefaultRespawnTime = 120

[node name="IFVSpawner" parent="TEAM_2_HQ" unique_id=1411397337 instance=ExtResource("8_nyssh")]
transform = Transform3D(-1.0000001, 0, -8.7422784e-08, 0, 1, 0, 8.7422784e-08, 0, -1.0000001, -9.118408, 4.5339355, 27.746887)
ObjId = 704
VehicleType = 3
P_DefaultRespawnTime = 120

[node name="BikeSpawner" parent="TEAM_2_HQ" unique_id=730683553 instance=ExtResource("8_nyssh")]
transform = Transform3D(0.34202015, 0, -0.9396926, 0, 1, 0, 0.9396926, 0, 0.34202015, 6.530388, -0.15979004, 0.42370605)
ObjId = 706
VehicleType = 23
P_DefaultRespawnTime = 30
P_KeepAliveAbandonRadius = 10

[node name="CombatArea" parent="." unique_id=1862872307 node_paths=PackedStringArray("CombatVolume") instance=ExtResource("9_55o16")]
CombatVolume = NodePath("CombatVolume")

[node name="CombatVolume" parent="CombatArea" unique_id=1436593119 instance=ExtResource("2_jwsxp")]
transform = Transform3D(1, 0, 0, 0, 1, 0, 0, 0, 1, -127.48546, 957.817, 819.9912)
points = PackedVector2Array(-5.130816, -214.12796, -111.95633, -188.77182, -95.034485, -102.664215, -94.92845, -22.943512, -108.16878, 68.535, -141.06897, 117.082794, -95.56468, 159.1702, 5.294431, 185.41714, 58.09905, 172.12405, 132.77463, 118.62775, 107.68838, 56.097137, 102.47253, -40.196014, 109.71393, -120.65811, 125.80337, -202.11606)

[node name="Camera3D" type="Camera3D" parent="." unique_id=1744108590]
transform = Transform3D(-1, -8.57397e-08, 1.70718e-08, 0, 0.195279, 0.980748, -8.74228e-08, 0.980748, -0.195279, -81.3089, 1459.67, 520.052)

[node name="DeployCam" parent="Camera3D" unique_id=1534447303 instance=ExtResource("10_uf2p8")]

[node name="Static" type="Node3D" parent="." unique_id=21351436]

[node name="MP_GolmudRailway_Assets" parent="Static" unique_id=941387659 instance=ExtResource("11_tv8uk")]
metadata/_edit_lock_ = true

[node name="MP_GolmudRailway_Terrain" parent="Static" unique_id=1888274660 instance=ExtResource("12_ba2sx")]
metadata/_edit_lock_ = true

[node name="Version" parent="." unique_id=222238759 instance=ExtResource("13_gsant")]
transform = Transform3D(1, 0, 0, 0, 1, 0, 0, 0, 1, 1, 1, 0)
ObjId = 1001

[node name="CapturePointA" parent="." unique_id=1555053279 node_paths=PackedStringArray("CaptureArea", "InfantrySpawnPoints_Team1", "InfantrySpawnPoints_Team2") instance=ExtResource("14_ddsjm")]
transform = Transform3D(1, 0, 0, 0, 1, 0, 0, 0, 1, -134.47452, 729.5112, 699.86365)
ObjId = 201
CaptureArea = NodePath("CaptureArea")
InfantrySpawnPoints_Team1 = [NodePath("Team1/SpawnPoint"), NodePath("Team1/SpawnPoint2"), NodePath("Team1/SpawnPoint3"), NodePath("Team1/SpawnPoint4"), NodePath("Team1/SpawnPoint5")]
InfantrySpawnPoints_Team2 = [NodePath("Team2/SpawnPoint"), NodePath("Team2/SpawnPoint2"), NodePath("Team2/SpawnPoint3"), NodePath("Team2/SpawnPoint4"), NodePath("Team2/SpawnPoint5")]

[node name="CaptureArea" parent="CapturePointA" unique_id=1722271799 instance=ExtResource("2_jwsxp")]
transform = Transform3D(1, 0, 0, 0, 1, 0, 0, 0, 1, -1.4370728, -0.048706055, -2.8615112)
points = PackedVector2Array(-10.921333, -13.046875, -10.813377, 13.127258, 10.953232, 13.263306, 10.781479, -13.343689)
height = 3.0

[node name="Team1" type="Node3D" parent="CapturePointA" unique_id=1040095171]

[node name="SpawnPoint" parent="CapturePointA/Team1" unique_id=1633882329 instance=ExtResource("3_ixbl5")]
transform = Transform3D(0.9991785, 0, -0.04053262, 0, 1, 0, 0.04053262, 0, 0.9991785, -27.363693, -1.4154053, -56.190186)

[node name="SpawnPoint2" parent="CapturePointA/Team1" unique_id=1016880174 instance=ExtResource("3_ixbl5")]
transform = Transform3D(0.88673306, -0.020866109, 0.46181044, 0.023524903, 0.999723, -1.13891424e-10, -0.46168318, 0.010863992, 0.88697827, -52.181625, -1.2727051, -26.90509)

[node name="SpawnPoint3" parent="CapturePointA/Team1" unique_id=1151468682 instance=ExtResource("3_ixbl5")]
transform = Transform3D(-0.09919749, 0, 0.9950682, 0, 1, 0, -0.9950682, 0, -0.09919749, -54.527893, 0.88305664, -10.592163)

[node name="SpawnPoint4" parent="CapturePointA/Team1" unique_id=589023443 instance=ExtResource("3_ixbl5")]
transform = Transform3D(-0.010558337, 0, 0.9999442, 0, 1, 0, -0.9999442, 0, -0.010558337, -51.97609, -6.163208, -51.105286)

[node name="SpawnPoint5" parent="CapturePointA/Team1" unique_id=849086990 instance=ExtResource("3_ixbl5")]
transform = Transform3D(-0.77922857, 0, 0.62673986, 0, 1, 0, -0.62673986, 0, -0.77922857, -66.59277, -1.0465088, 23.012024)

[node name="Team2" type="Node3D" parent="CapturePointA" unique_id=1072923729]

[node name="SpawnPoint" parent="CapturePointA/Team2" unique_id=1150304905 instance=ExtResource("3_ixbl5")]
transform = Transform3D(0.49598885, 0, -0.86832786, 0, 1, 0, 0.86832786, 0, 0.49598885, 43.785522, -7.210327, -53.434204)

[node name="SpawnPoint2" parent="CapturePointA/Team2" unique_id=830605032 instance=ExtResource("3_ixbl5")]
transform = Transform3D(0.8032855, 0, -0.5955939, 0, 1, 0, 0.5955939, 0, 0.8032855, 46.878174, -1.4147339, -3.0847778)

[node name="SpawnPoint3" parent="CapturePointA/Team2" unique_id=2043240368 instance=ExtResource("3_ixbl5")]
transform = Transform3D(0.679057, 0, -0.734085, 0, 1, 0, 0.734085, 0, 0.679057, 45.125786, 4.196167, 38.964172)

[node name="SpawnPoint4" parent="CapturePointA/Team2" unique_id=317574533 instance=ExtResource("3_ixbl5")]
transform = Transform3D(-0.13325915, 0, -0.9910811, 0, 1, 0, 0.9910811, 0, -0.13325915, 34.926773, -8.529602, -75.14545)

[node name="SpawnPoint5" parent="CapturePointA/Team2" unique_id=1058468444 instance=ExtResource("3_ixbl5")]
transform = Transform3D(-0.5162636, 0, -0.8564292, 0, 1, 0, 0.8564292, 0, -0.5162636, 35.994637, -1.760437, -19.91504)

[node name="CapturePointB" parent="." unique_id=1537797603 node_paths=PackedStringArray("CaptureArea", "InfantrySpawnPoints_Team1", "InfantrySpawnPoints_Team2") instance=ExtResource("14_ddsjm")]
transform = Transform3D(1, 0, 0, 0, 1, 0, 0, 0, 1, -159.42754, 737.152, 799.8724)
ObjId = 202
CaptureArea = NodePath("CaptureArea")
InfantrySpawnPoints_Team1 = [NodePath("Team1/SpawnPoint"), NodePath("Team1/SpawnPoint2"), NodePath("Team1/SpawnPoint3"), NodePath("Team1/SpawnPoint4"), NodePath("Team1/SpawnPoint5")]
InfantrySpawnPoints_Team2 = [NodePath("Team2/SpawnPoint"), NodePath("Team2/SpawnPoint2"), NodePath("Team2/SpawnPoint3"), NodePath("Team2/SpawnPoint4"), NodePath("Team2/SpawnPoint5")]

[node name="CaptureArea" parent="CapturePointB" unique_id=1714696733 instance=ExtResource("2_jwsxp")]
transform = Transform3D(1, 0, 0, 0, 1, 0, 0, 0, 1, 6.4475403, -1.2167358, 1.6453857)
points = PackedVector2Array(-12.936279, -11.857526, -13.265747, 11.2385435, 3.7684326, 8.3522215, 12.471863, 7.0818357, 9.961731, -14.815076)
height = 5.0

[node name="Team1" type="Node3D" parent="CapturePointB" unique_id=2027411780]

[node name="SpawnPoint" parent="CapturePointB/Team1" unique_id=1668258801 instance=ExtResource("3_ixbl5")]
transform = Transform3D(0.27018017, 0, 0.96280974, 0, 1, 0, -0.96280974, 0, 0.27018017, -55.657837, 3.1391602, -0.6793213)

[node name="SpawnPoint2" parent="CapturePointB/Team1" unique_id=846344479 instance=ExtResource("3_ixbl5")]
transform = Transform3D(0.46643248, 0, 0.8845566, 0, 1, 0, -0.8845566, 0, 0.46643248, -56.45018, 0.40301514, -29.568115)

[node name="SpawnPoint3" parent="CapturePointB/Team1" unique_id=141716395 instance=ExtResource("3_ixbl5")]
transform = Transform3D(0.36898497, 0, 0.92943585, 0, 1, 0, -0.92943585, 0, 0.36898497, -42.667374, 1.0719604, 40.832703)

[node name="SpawnPoint4" parent="CapturePointB/Team1" unique_id=1238021747 instance=ExtResource("3_ixbl5")]
transform = Transform3D(0.1555892, 0, 0.9878217, 0, 1, 0, -0.9878217, 0, 0.1555892, -56.81801, 0.17236328, 30.8479)

[node name="SpawnPoint5" parent="CapturePointB/Team1" unique_id=1244989146 instance=ExtResource("3_ixbl5")]
transform = Transform3D(0.95110035, 0, 0.30888432, 0, 1, 0, -0.30888432, 0, 0.95110035, -55.72711, 2.0637207, -14.296997)

[node name="Team2" type="Node3D" parent="CapturePointB" unique_id=1312717160]

[node name="SpawnPoint" parent="CapturePointB/Team2" unique_id=1484186326 instance=ExtResource("3_ixbl5")]
transform = Transform3D(0.9966446, 0, -0.081851184, 0, 1, 0, 0.081851184, 0, 0.9966446, 66.79129, 1.5151367, -6.7058105)

[node name="SpawnPoint2" parent="CapturePointB/Team2" unique_id=1279068761 instance=ExtResource("3_ixbl5")]
transform = Transform3D(0.8711538, 0, -0.49100983, 0, 1, 0, 0.49100983, 0, 0.8711538, 66.693405, -1.395813, -33.6214)

[node name="SpawnPoint3" parent="CapturePointB/Team2" unique_id=853804532 instance=ExtResource("3_ixbl5")]
transform = Transform3D(0.258583, 0, -0.965989, 0, 1, 0, 0.965989, 0, 0.258583, 82.37593, 0.168396, -20.912231)

[node name="SpawnPoint4" parent="CapturePointB/Team2" unique_id=351744091 instance=ExtResource("3_ixbl5")]
transform = Transform3D(0.9983327, 0, 0.0577206, 0, 1, 0, -0.0577206, 0, 0.9983327, 69.99686, 1.0800781, 15.594849)

[node name="SpawnPoint5" parent="CapturePointB/Team2" unique_id=1107230718 instance=ExtResource("3_ixbl5")]
transform = Transform3D(-0.977629, 0, -0.210335, 0, 1, 0, 0.210335, 0, -0.977629, 63.018776, 1.3624268, 32.54712)

[node name="CapturePointC" parent="." unique_id=67385643 node_paths=PackedStringArray("CaptureArea", "InfantrySpawnPoints_Team1", "InfantrySpawnPoints_Team2") instance=ExtResource("14_ddsjm")]
transform = Transform3D(1, 0, 0, 0, 1, 0, 0, 0, 1, -107.50125, 740.0057, 894.4724)
ObjId = 203
CaptureArea = NodePath("CaptureArea")
InfantrySpawnPoints_Team1 = [NodePath("Team1/SpawnPoint"), NodePath("Team1/SpawnPoint2"), NodePath("Team1/SpawnPoint3"), NodePath("Team1/SpawnPoint4"), NodePath("Team1/SpawnPoint5")]
InfantrySpawnPoints_Team2 = [NodePath("Team2/SpawnPoint"), NodePath("Team2/SpawnPoint2"), NodePath("Team2/SpawnPoint3"), NodePath("Team2/SpawnPoint4"), NodePath("Team2/SpawnPoint5")]

[node name="CaptureArea" parent="CapturePointC" unique_id=1898202165 instance=ExtResource("2_jwsxp")]
transform = Transform3D(1, 0, 0, 0, 1, 0, 0, 0, 1, 5.532509, -0.2668457, 1.2781372)
points = PackedVector2Array(-8.332176, -13.218213, -14.1757965, 14.48894, 0.23308563, 18.334644, 10.24173, -3.9635742, 12.033157, -15.641797)
height = 6.0

[node name="Team1" type="Node3D" parent="CapturePointC" unique_id=1782387020]

[node name="SpawnPoint" parent="CapturePointC/Team1" unique_id=2099539607 instance=ExtResource("3_ixbl5")]
transform = Transform3D(-0.9321278, 0, 0.36212838, 0, 1, 0, -0.36212838, 0, -0.9321278, -60.63539, 5.195984, 29.17749)

[node name="SpawnPoint2" parent="CapturePointC/Team1" unique_id=2101370216 instance=ExtResource("3_ixbl5")]
transform = Transform3D(-0.9994129, 0, -0.034270585, 0, 1, 0, 0.034270585, 0, -0.9994129, -51.419815, 7.905945, 46.55139)

[node name="SpawnPoint3" parent="CapturePointC/Team1" unique_id=1284612121 instance=ExtResource("3_ixbl5")]
transform = Transform3D(0.957087, 0, -0.2898, 0, 1, 0, 0.2898, 0, 0.957087, -57.2063, 2.7025757, -3.0740967)

[node name="SpawnPoint4" parent="CapturePointC/Team1" unique_id=1814395022 instance=ExtResource("3_ixbl5")]
transform = Transform3D(-0.35296878, 0, 0.9356357, 0, 1, 0, -0.9356357, 0, -0.35296878, -40.75937, 10.692139, 49.845764)

[node name="SpawnPoint5" parent="CapturePointC/Team1" unique_id=1121935575 instance=ExtResource("3_ixbl5")]
transform = Transform3D(-0.41055977, 0, 0.9118341, 0, 1, 0, -0.9118341, 0, -0.41055977, -38.28688, 14.854126, 74.211914)

[node name="Team2" type="Node3D" parent="CapturePointC" unique_id=250126840]

[node name="SpawnPoint" parent="CapturePointC/Team2" unique_id=1574641130 instance=ExtResource("3_ixbl5")]
transform = Transform3D(-0.8112577, 0, -0.5846883, 0, 1, 0, 0.5846883, 0, -0.8112577, 50.54134, 2.112671, 25.834412)

[node name="SpawnPoint2" parent="CapturePointC/Team2" unique_id=495852275 instance=ExtResource("3_ixbl5")]
transform = Transform3D(0.0458685, 0, -0.998948, 0, 1, 0, 0.998948, 0, 0.0458685, 59.666855, 0.077819824, 17.070923)

[node name="SpawnPoint3" parent="CapturePointC/Team2" unique_id=488338385 instance=ExtResource("3_ixbl5")]
transform = Transform3D(-0.80431336, 0, -0.59420544, 0, 1, 0, 0.59420544, 0, -0.80431336, 47.473057, 4.5807495, 44.208984)

[node name="SpawnPoint4" parent="CapturePointC/Team2" unique_id=1157410116 instance=ExtResource("3_ixbl5")]
transform = Transform3D(-0.79385215, 0, -0.6081102, 0, 1, 0, 0.6081102, 0, -0.79385215, 69.66358, -2.612732, -15.304199)

[node name="SpawnPoint5" parent="CapturePointC/Team2" unique_id=1825057799 instance=ExtResource("3_ixbl5")]
transform = Transform3D(0.31655997, 0, -0.94857246, 0, 1, 0, 0.94857246, 0, 0.31655997, 66.05694, -2.567871, -32.000305)

[node name="RestrictedAreas" type="Node3D" parent="." unique_id=498457431]

[node name="AreaTrigger" parent="RestrictedAreas" unique_id=99209113 instance=ExtResource("15_ud3i1")]
ObjId = 20001

[node name="PolygonVolume" parent="RestrictedAreas" unique_id=1295260285 instance=ExtResource("2_jwsxp")]
transform = Transform3D(1, 0, 0, 0, 1, 0, 0, 0, 1, -35.910446, 742.2301, 837.2257)
points = PackedVector2Array(-50.044342, 0.7247925, -50.5652, 22.641113, -34.8864, 22.424072, -34.075516, 0.33422852)
height = 12.0

[node name="AddedAssets" type="Node3D" parent="." unique_id=1772242045]

[node name="RockLarge_06_WSNO" parent="AddedAssets" unique_id=313771081 instance=ExtResource("16_o2tqd")]
transform = Transform3D(0.08832064, 0, -0.99609214, 0, 1, 0, 0.99609214, 0, 0.08832064, -325.87195, 733.9313, 809.9248)

[node name="RockLarge_06_WSNO2" parent="AddedAssets" unique_id=1002533783 instance=ExtResource("16_o2tqd")]
transform = Transform3D(0.41393083, 0, -0.91030824, 0, 1, 0, 0.91030824, 0, 0.41393083, -327.17224, 733.00714, 803.99414)

[node name="RockLarge_06_WSNO3" parent="AddedAssets" unique_id=1317849201 instance=ExtResource("16_o2tqd")]
transform = Transform3D(0.23841476, 0, -0.97116345, 0, 1, 0, 0.97116345, 0, 0.23841476, 44.006603, 727.2105, 831.64856)

[node name="RockLarge_06_WSNO4" parent="AddedAssets" unique_id=866029680 instance=ExtResource("16_o2tqd")]
transform = Transform3D(0.23841476, 0, -0.97116345, 0, 1, 0, 0.97116345, 0, 0.23841476, 44.691216, 727.8713, 836.6966)

[node name="Sector" parent="." unique_id=1226531007 node_paths=PackedStringArray("SectorArea", "CapturePoints") instance=ExtResource("17_khx7h")]
SectorArea = NodePath("../CombatArea/CombatVolume")
CapturePoints = [NodePath("../CapturePointA"), NodePath("../CapturePointB"), NodePath("../CapturePointC")]
