[gd_scene format=3 uid="uid://cei85csdnshjt"]

[ext_resource type="PackedScene" path="res://objects/Gameplay/Common/HQ_PlayerSpawner.tscn" id="1_jn86m"]
[ext_resource type="PackedScene" uid="uid://jv31so3xcr7p" path="res://addons/bf_portal/portal_tools/types/PolygonVolume/PolygonVolume.tscn" id="2_6gshi"]
[ext_resource type="PackedScene" path="res://objects/entities/SpawnPoint.tscn" id="3_7hov1"]
[ext_resource type="PackedScene" path="res://objects/gameplay/common/VehicleSpawner.tscn" id="4_wv1fu"]
[ext_resource type="PackedScene" path="res://objects/props/FlagPole_01_USA.tscn" id="5_eimvp"]
[ext_resource type="PackedScene" path="res://objects/Gameplay/Common/InteractPoint.tscn" id="6_fssco"]
[ext_resource type="Script" uid="uid://3hvpbglts2bi" path="res://scripts/gameplay/common/WorldIcon.gd" id="7_rcfp3"]
[ext_resource type="PackedScene" path="res://objects/Gameplay/Common/WorldIcon.tscn" id="8_a2ulc"]
[ext_resource type="PackedScene" path="res://objects/Gameplay/Common/CombatArea.tscn" id="10_todkq"]
[ext_resource type="PackedScene" path="res://static/MP_Outskirts_Terrain.tscn" id="11_tn40l"]
[ext_resource type="PackedScene" path="res://static/MP_Outskirts_Assets.tscn" id="12_su8u7"]
[ext_resource type="PackedScene" path="res://objects/Gameplay/Conquest/CapturePoint.tscn" id="13_ks8oo"]
[ext_resource type="PackedScene" path="res://objects/Gameplay/Common/DeployCam.tscn" id="14_foygw"]
[ext_resource type="PackedScene" path="res://objects/Gameplay/Common/Sector.tscn" id="15_rbtn5"]
[ext_resource type="PackedScene" path="res://objects/props/ConcretePipe_01_512x256.tscn" id="16_f2law"]
[ext_resource type="PackedScene" path="res://objects/gameplay/common/AreaTrigger.tscn" id="17_oc1ah"]
[ext_resource type="PackedScene" path="res://objects/backdrop/ConstructionSite_01_Building_02.tscn" id="18_j54ra"]
[ext_resource type="PackedScene" path="res://objects/props/BarrierStoneBlock_01_A.tscn" id="19_nevyu"]

[node name="MP_Outskirts" type="Node3D" unique_id=1304718681]

[node name="TEAM_1_HQ" parent="." unique_id=1629816491 node_paths=PackedStringArray("HQArea", "InfantrySpawns") instance=ExtResource("1_jn86m")]
transform = Transform3D(1, 0, 0, 0, 1, 0, 0, 0, 1, -100.776, 91.8934, -106.33)
AltTeam = 0
ObjId = 101
HQArea = NodePath("HQ_Team1")
InfantrySpawns = [NodePath("SpawnPoint_1_1"), NodePath("SpawnPoint_1_2"), NodePath("SpawnPoint_1_3"), null]

[node name="HQ_Team1" parent="TEAM_1_HQ" unique_id=944607231 instance=ExtResource("2_6gshi")]
transform = Transform3D(1, 0, 0, 0, 1, 0, 0, 0, 1, 0, 5, 0)
points = PackedVector2Array(62.0161, -15.5327, 37.2174, -79.1357, -29.6352, -13.6823, -27.8238, 88.6644, 54.9902, 92.5774)

[node name="SpawnPoint_1_1" parent="TEAM_1_HQ" unique_id=931408351 instance=ExtResource("3_7hov1")]
transform = Transform3D(-0.998751, 0, 0.0499653, 0, 1, 0, -0.0499653, 0, -0.998751, 5.79508, 1.92423, -1.43378)

[node name="SpawnPoint_1_2" parent="TEAM_1_HQ" unique_id=1355174255 instance=ExtResource("3_7hov1")]
transform = Transform3D(-0.9995, 0, -0.0316198, 0, 1, 0, 0.0316198, 0, -0.9995, -3.3283, 0.900841, -2.50563)

[node name="SpawnPoint_1_3" parent="TEAM_1_HQ" unique_id=238432934 instance=ExtResource("3_7hov1")]
transform = Transform3D(-0.0428871, 0, 0.99908, 0, 1, 0, -0.99908, 0, -0.0428871, 4.7488, 2.13922, 6.85975)

[node name="MBTSpawner" parent="TEAM_1_HQ" unique_id=911347609 instance=ExtResource("4_wv1fu")]
transform = Transform3D(-1, 0, -8.74228e-08, 0, 1, 0, 8.74228e-08, 0, -1, 1.68956, 1.09765, -1.49136)
ObjId = 701
P_DefaultRespawnTime = 120

[node name="TransportSpawner" parent="TEAM_1_HQ" unique_id=2065660753 instance=ExtResource("4_wv1fu")]
transform = Transform3D(-1, 0, -8.74228e-08, 0, 1, 0, 8.74228e-08, 0, -1, -2.8845, 0.97657, -6.51197)
ObjId = 703
VehicleType = 13
P_DefaultRespawnTime = 30
P_KeepAliveAbandonRadius = 10

[node name="InteractArea" parent="TEAM_1_HQ" unique_id=1348715599 instance=ExtResource("5_eimvp")]
transform = Transform3D(-4.37114e-08, 0, 1, 0, 1, 0, -1, 0, -4.37114e-08, -4.32623, 0.842209, 3.05049)

[node name="InteractPointChangeTeam" parent="TEAM_1_HQ/InteractArea" unique_id=2017479680 instance=ExtResource("6_fssco")]
transform = Transform3D(1, 0, 0, 0, 1, 0, 0, 0, 1, 3, 1.72507, 0)
ObjId = 2001

[node name="WorldIcon" type="Node3D" parent="TEAM_1_HQ/InteractArea/InteractPointChangeTeam" unique_id=1109530195]
script = ExtResource("7_rcfp3")
ObjId = 5001
iconTextVisible = true
iconColor = [0.0, 1.0, 0.0]
iconImagePicker = 6
iconImageVisible = true
iconTeamOwnerId = 1

[node name="InteractPointReady" parent="TEAM_1_HQ/InteractArea" unique_id=2094941328 instance=ExtResource("6_fssco")]
transform = Transform3D(1, 0, 0, 0, 1, 0, 0, 0, 1, -3, 1.72507, 0)
ObjId = 2002

[node name="WorldIcon" type="Node3D" parent="TEAM_1_HQ/InteractArea/InteractPointReady" unique_id=2143675722]
script = ExtResource("7_rcfp3")
ObjId = 5002
iconTextVisible = true
iconColor = [0.0, 0.5, 1.0]
iconImagePicker = 7
iconImageVisible = true
iconTeamOwnerId = 1

[node name="WorldIcon" parent="TEAM_1_HQ/InteractArea" unique_id=478648223 instance=ExtResource("8_a2ulc")]
transform = Transform3D(1, 0, 0, 0, 1, 0, 0, 0, 1, 0, 2, 0)
ObjId = 5011
iconTextVisible = true
iconColor = [0.0, 0.0, 1.0]
iconImagePicker = 7
iconTeamOwnerId = 1

[node name="TEAM_2_HQ" parent="." unique_id=1757016209 node_paths=PackedStringArray("HQArea", "InfantrySpawns") instance=ExtResource("1_jn86m")]
transform = Transform3D(1, 0, 0, 0, 1, 0, 0, 0, 1, 209.461, 90.2087, 2.33194)
Team = 2
AltTeam = 0
ObjId = 102
HQArea = NodePath("HQ_Team2")
InfantrySpawns = [NodePath("SpawnPoint_2_1"), NodePath("SpawnPoint_2_2"), NodePath("SpawnPoint_2_3"), null]

[node name="SpawnPoint_2_1" parent="TEAM_2_HQ" unique_id=1418861680 instance=ExtResource("3_7hov1")]
transform = Transform3D(0.87795, 0, -0.478754, 0, 1, 0, 0.478754, 0, 0.87795, -6.81946, 0, -6.67443)

[node name="SpawnPoint_2_2" parent="TEAM_2_HQ" unique_id=1373921864 instance=ExtResource("3_7hov1")]
transform = Transform3D(-0.997604, 0, 0.0691822, 0, 1, 0, -0.0691822, 0, -0.997604, -16.9767, 0, 10.4628)

[node name="SpawnPoint_2_3" parent="TEAM_2_HQ" unique_id=804819515 instance=ExtResource("3_7hov1")]
transform = Transform3D(-0.0976006, 0, -0.995226, 0, 1, 0, 0.995226, 0, -0.0976006, 6.17514, 0.072998, -3.39222)

[node name="ΜΒΤSpawner2" parent="TEAM_2_HQ" unique_id=407600966 instance=ExtResource("4_wv1fu")]
transform = Transform3D(0.707107, 0, -0.707107, 0, 1, 0, 0.707107, 0, 0.707107, 1.51764, 0.710632, -2.11028)
ObjId = 702
VehicleType = 1
P_DefaultRespawnTime = 120

[node name="InteractArea" parent="TEAM_2_HQ" unique_id=891362850 instance=ExtResource("5_eimvp")]
transform = Transform3D(0.707107, 0, 0.707107, 0, 1, 0, -0.707107, 0, 0.707107, 0, -0.610115, 3.74815)

[node name="InteractPointChangeTeam" parent="TEAM_2_HQ/InteractArea" unique_id=2105311433 instance=ExtResource("6_fssco")]
transform = Transform3D(1, 0, 0, 0, 1, 0, 0, 0, 1, 3, 1.77855, 0)
ObjId = 2003

[node name="WorldIcon" type="Node3D" parent="TEAM_2_HQ/InteractArea/InteractPointChangeTeam" unique_id=1082235145]
script = ExtResource("7_rcfp3")
ObjId = 5003
iconTextVisible = true
iconColor = [0.0, 1.0, 0.0]
iconImagePicker = 6
iconImageVisible = true
iconTeamOwnerId = 2

[node name="InteractPointReady" parent="TEAM_2_HQ/InteractArea" unique_id=505049432 instance=ExtResource("6_fssco")]
transform = Transform3D(1, 0, 0, 0, 1, 0, 0, 0, 1, -3, 1.77855, 0)
ObjId = 2004

[node name="WorldIcon" type="Node3D" parent="TEAM_2_HQ/InteractArea/InteractPointReady" unique_id=1041246005]
script = ExtResource("7_rcfp3")
ObjId = 5004
iconTextVisible = true
iconColor = [0.0, 0.5, 1.0]
iconImagePicker = 7
iconImageVisible = true
iconTeamOwnerId = 2

[node name="WorldIcon" parent="TEAM_2_HQ/InteractArea" unique_id=1479795535 instance=ExtResource("8_a2ulc")]
transform = Transform3D(1, 0, 0, 0, 1, 0, 0, 0, 1, 0, 2, 0)
ObjId = 5012
iconTextVisible = true
iconColor = [0.0, 0.0, 1.0]
iconImagePicker = 7
iconTeamOwnerId = 2

[node name="TransportSpawner2" parent="TEAM_2_HQ" unique_id=34924674 instance=ExtResource("4_wv1fu")]
transform = Transform3D(-0.707107, 0, 0.707107, 0, 1, 0, -0.707107, 0, -0.707107, -12.8749, 0.193359, 10.2382)
ObjId = 704
VehicleType = 9
P_DefaultRespawnTime = 30
P_KeepAliveAbandonRadius = 10

[node name="HQ_Team2" parent="TEAM_2_HQ" unique_id=78314595 instance=ExtResource("2_6gshi")]
transform = Transform3D(1, 0, 0, 0, 1, 0, 0, 0, 1, -12.2906, 9.5893, -20.9614)
points = PackedVector2Array(69.6295, -10.7977, 43.1126, -80.3922, -29.2781, -36.5859, -78.791, 48.0725, -4.67298, 79.7034)

[node name="CombatArea" parent="." unique_id=207365190 node_paths=PackedStringArray("CombatVolume") instance=ExtResource("10_todkq")]
transform = Transform3D(1, 0, 0, 0, 1, 0, 0, 0, 1, -58.2441, 93.4144, 34.2265)
CombatVolume = NodePath("CombatVolume")

[node name="CombatVolume" parent="CombatArea" unique_id=1548936442 instance=ExtResource("2_6gshi")]
transform = Transform3D(1, 0, 0, 0, 1, 0, 0, 0, 1, 129.825, 134.381, -100.438)
points = PackedVector2Array(-135.146, -119.31, -110.349, -55.6777, -117.311, 52.5144, -85.8283, 58.4522, -62.533, 34.1216, 0.364281, 76.5708, 46.8467, 95.6077, 96.3832, 10.8744, 168.732, -32.7959, 190.197, -108.622, 96.8198, -157.395, -22.4935, -175.689, -135.146, -174.257)

[node name="Static" type="Node3D" parent="." unique_id=1882168833]

[node name="MP_Outskirts_Terrain" parent="Static" unique_id=789418230 instance=ExtResource("11_tn40l")]
metadata/_edit_lock_ = true

[node name="MP_Outskirts_Assets" parent="Static" unique_id=1469726904 instance=ExtResource("12_su8u7")]
metadata/_edit_lock_ = true

[node name="CapturePointA" parent="." unique_id=289358274 node_paths=PackedStringArray("CaptureArea", "InfantrySpawnPoints_Team1", "InfantrySpawnPoints_Team2") instance=ExtResource("13_ks8oo")]
transform = Transform3D(1, 0, 0, 0, 1, 0, 0, 0, 1, 26.282, 92.574, -175.476)
ObjId = 201
CaptureArea = NodePath("CaptureArea")
InfantrySpawnPoints_Team1 = [NodePath("Team1/SpawnPoint"), NodePath("Team1/SpawnPoint2"), NodePath("Team1/SpawnPoint3"), NodePath("Team1/SpawnPoint4"), NodePath("Team1/SpawnPoint5")]
InfantrySpawnPoints_Team2 = [NodePath("Team2/SpawnPoint"), NodePath("Team2/SpawnPoint2"), NodePath("Team2/SpawnPoint3"), NodePath("Team2/SpawnPoint4"), NodePath("Team2/SpawnPoint5")]

[node name="CaptureArea" parent="CapturePointA" unique_id=648044621 instance=ExtResource("2_6gshi")]
transform = Transform3D(1, 0, 0, 0, 1, 0, 0, 0, 1, 2.85869, 0, -1.14005)
points = PackedVector2Array(-9.10883, -12.3463, -10.0307, 12.2366, 9.6356, 12.3244, 9.50391, -12.2146)
height = 3.0

[node name="Team1" type="Node3D" parent="CapturePointA" unique_id=2131465951]

[node name="SpawnPoint" parent="CapturePointA/Team1" unique_id=1949299741 instance=ExtResource("3_7hov1")]
transform = Transform3D(-0.898051, 0, 0.439892, 0, 1, 0, -0.439892, 0, -0.898051, -32.76, 2.50588, 36.4448)

[node name="SpawnPoint2" parent="CapturePointA/Team1" unique_id=328362027 instance=ExtResource("3_7hov1")]
transform = Transform3D(-0.840079, 0.0197682, 0.542104, 0.0235249, 0.999723, 4.47928e-10, -0.541954, 0.012753, -0.840311, -46.213, 0.11795, -24.8968)

[node name="SpawnPoint3" parent="CapturePointA/Team1" unique_id=687054157 instance=ExtResource("3_7hov1")]
transform = Transform3D(0.989652, 0, 0.143492, 0, 1, 0, -0.143492, 0, 0.989652, -54.5279, -0.0122452, 9.2204)

[node name="SpawnPoint4" parent="CapturePointA/Team1" unique_id=48810210 instance=ExtResource("3_7hov1")]
transform = Transform3D(0.847872, 0, -0.530201, 0, 1, 0, 0.530201, 0, 0.847872, -17.7762, -2.10906, -55.3427)

[node name="SpawnPoint5" parent="CapturePointA/Team1" unique_id=841660810 instance=ExtResource("3_7hov1")]
transform = Transform3D(1, 0, 0, 0, 1, 0, 0, 0, 1, 10.7224, -2.65678, -63.9088)

[node name="Team2" type="Node3D" parent="CapturePointA" unique_id=1258583693]

[node name="SpawnPoint" parent="CapturePointA/Team2" unique_id=1199984223 instance=ExtResource("3_7hov1")]
transform = Transform3D(-0.935511, 0, -0.353295, 0, 1, 0, 0.353295, 0, -0.935511, 51.1993, 2.82454, 40.8267)

[node name="SpawnPoint2" parent="CapturePointA/Team2" unique_id=1298542948 instance=ExtResource("3_7hov1")]
transform = Transform3D(-0.156486, 0, -0.98768, 0, 1, 0, 0.98768, 0, -0.156486, 48.93, 1.44434, 23.6104)

[node name="SpawnPoint3" parent="CapturePointA/Team2" unique_id=2081838630 instance=ExtResource("3_7hov1")]
transform = Transform3D(0.679057, 0, -0.734085, 0, 1, 0, 0.734085, 0, 0.679057, 31.2902, 2.07432, 48.5178)

[node name="SpawnPoint4" parent="CapturePointA/Team2" unique_id=2059897766 instance=ExtResource("3_7hov1")]
transform = Transform3D(0.979445, 0, 0.201711, 0, 1, 0, -0.201711, 0, 0.979445, 49.7331, -2.57809, -46.257)

[node name="SpawnPoint5" parent="CapturePointA/Team2" unique_id=2115971540 instance=ExtResource("3_7hov1")]
transform = Transform3D(0.968003, 0, -0.250937, 0, 1, 0, 0.250937, 0, 0.968003, 14.2439, -2.7237, -64.2525)

[node name="CapturePointB" parent="." unique_id=1058466127 node_paths=PackedStringArray("CaptureArea", "InfantrySpawnPoints_Team1", "InfantrySpawnPoints_Team2") instance=ExtResource("13_ks8oo")]
transform = Transform3D(1, 0, 0, 0, 1, 0, 0, 0, 1, 60.7822, 97.7023, -59.7978)
ObjId = 202
CaptureArea = NodePath("CaptureArea")
InfantrySpawnPoints_Team1 = [NodePath("Team1/SpawnPoint"), NodePath("Team1/SpawnPoint2"), NodePath("Team1/SpawnPoint3"), NodePath("Team1/SpawnPoint4"), NodePath("Team1/SpawnPoint5")]
InfantrySpawnPoints_Team2 = [NodePath("Team2/SpawnPoint"), NodePath("Team2/SpawnPoint2"), NodePath("Team2/SpawnPoint3"), NodePath("Team2/SpawnPoint4"), NodePath("Team2/SpawnPoint5")]

[node name="CaptureArea" parent="CapturePointB" unique_id=1574163524 instance=ExtResource("2_6gshi")]
transform = Transform3D(1, 0, 0, 0, 1, 0, 0, 0, 1, 1.04039, -1.83433, 0.465706)
points = PackedVector2Array(-6.2428436, -14.292549, -11.830246, 7.114193, 4.09098, 11.283, 10.4301, -9.89384)
height = 6.0

[node name="Team1" type="Node3D" parent="CapturePointB" unique_id=263304159]

[node name="SpawnPoint" parent="CapturePointB/Team1" unique_id=2008510978 instance=ExtResource("3_7hov1")]
transform = Transform3D(-0.477665, 0, 0.878542, 0, 1, 0, -0.878542, 0, -0.477665, -61.3408, -2.20792, 2.76449)

[node name="SpawnPoint2" parent="CapturePointB/Team1" unique_id=364746207 instance=ExtResource("3_7hov1")]
transform = Transform3D(0.99716, 0, -0.075309, 0, 1, 0, 0.075309, 0, 0.99716, -48.7954, -1.78712, -22.5145)

[node name="SpawnPoint3" parent="CapturePointB/Team1" unique_id=123436341 instance=ExtResource("3_7hov1")]
transform = Transform3D(0.899566, 0, 0.436786, 0, 1, 0, -0.436786, 0, 0.899566, -47.0606, -1.8868, -35.6865)

[node name="SpawnPoint4" parent="CapturePointB/Team1" unique_id=187104758 instance=ExtResource("3_7hov1")]
transform = Transform3D(0.978717, 0, 0.205214, 0, 1, 0, -0.205214, 0, 0.978717, -23.0077, -0.67437, 36.2605)

[node name="SpawnPoint5" parent="CapturePointB/Team1" unique_id=1350906590 instance=ExtResource("3_7hov1")]
transform = Transform3D(-0.763075, 0, 0.646311, 0, 1, 0, -0.646311, 0, -0.763075, -64.9684, 3.70724, 32.5402)

[node name="Team2" type="Node3D" parent="CapturePointB" unique_id=566587066]

[node name="SpawnPoint" parent="CapturePointB/Team2" unique_id=1901392430 instance=ExtResource("3_7hov1")]
transform = Transform3D(0.330663, 0, -0.943749, 0, 1, 0, 0.943749, 0, 0.330663, 37.0628, -0.324379, 41.5867)

[node name="SpawnPoint2" parent="CapturePointB/Team2" unique_id=1922949322 instance=ExtResource("3_7hov1")]
transform = Transform3D(-0.978462, 0, 0.206426, 0, 1, 0, -0.206426, 0, -0.978462, 46.3174, -0.272423, 7.14779)

[node name="SpawnPoint3" parent="CapturePointB/Team2" unique_id=804262658 instance=ExtResource("3_7hov1")]
transform = Transform3D(0.258583, 0, -0.965989, 0, 1, 0, 0.965989, 0, 0.258583, 40.3112, -1.69775, 47.0306)

[node name="SpawnPoint4" parent="CapturePointB/Team2" unique_id=1027514750 instance=ExtResource("3_7hov1")]
transform = Transform3D(0.64399, 0, -0.765034, 0, 1, 0, 0.765034, 0, 0.64399, 40.946, -4.71417, -30.264)

[node name="SpawnPoint5" parent="CapturePointB/Team2" unique_id=1572325497 instance=ExtResource("3_7hov1")]
transform = Transform3D(-0.977629, 0, -0.210335, 0, 1, 0, 0.210335, 0, -0.977629, 41.0305, -0.265007, 25.8787)

[node name="CapturePointC" parent="." unique_id=816612693 node_paths=PackedStringArray("CaptureArea", "InfantrySpawnPoints_Team1", "InfantrySpawnPoints_Team2") instance=ExtResource("13_ks8oo")]
transform = Transform3D(1, 0, 0, 0, 1, 0, 0, 0, 1, 174.775, 91.0896, -138.207)
ObjId = 203
CaptureArea = NodePath("CaptureArea")
InfantrySpawnPoints_Team1 = [NodePath("Team1/SpawnPoint"), NodePath("Team1/SpawnPoint2"), NodePath("Team1/SpawnPoint3"), NodePath("Team1/SpawnPoint4"), NodePath("Team1/SpawnPoint5")]
InfantrySpawnPoints_Team2 = [NodePath("Team2/SpawnPoint"), NodePath("Team2/SpawnPoint2"), NodePath("Team2/SpawnPoint3"), NodePath("Team2/SpawnPoint4"), NodePath("Team2/SpawnPoint5")]

[node name="CaptureArea" parent="CapturePointC" unique_id=153748882 instance=ExtResource("2_6gshi")]
transform = Transform3D(1, 0, 0, 0, 1, 0, 0, 0, 1, 1.5479, -0.266846, 4.85757)
points = PackedVector2Array(-6.25897, -15.8459, -13.183, 10.7056, 6.24552, 15.8035, 13.1964, -10.6633)
height = 8.0

[node name="Team1" type="Node3D" parent="CapturePointC" unique_id=730801437]

[node name="SpawnPoint" parent="CapturePointC/Team1" unique_id=2133588360 instance=ExtResource("3_7hov1")]
transform = Transform3D(0.768685, 0, 0.639627, 0, 1, 0, -0.639627, 0, 0.768685, -29.2836, 0.801926, -52.4583)

[node name="SpawnPoint2" parent="CapturePointC/Team1" unique_id=593828754 instance=ExtResource("3_7hov1")]
transform = Transform3D(0.645192, 0, 0.764021, 0, 1, 0, -0.764021, 0, 0.645192, 1.38927, -1.51823, -58.7839)

[node name="SpawnPoint3" parent="CapturePointC/Team1" unique_id=2134764376 instance=ExtResource("3_7hov1")]
transform = Transform3D(0.957087, 0, -0.2898, 0, 1, 0, 0.2898, 0, 0.957087, -41.8792, 0.20015, -41.6959)

[node name="SpawnPoint4" parent="CapturePointC/Team1" unique_id=1807019121 instance=ExtResource("3_7hov1")]
transform = Transform3D(0.481035, 0, 0.876702, 0, 1, 0, -0.876702, 0, 0.481035, 17.2054, -1.5182, -57.6101)

[node name="SpawnPoint5" parent="CapturePointC/Team1" unique_id=158597047 instance=ExtResource("3_7hov1")]
transform = Transform3D(-0.950402, 0, 0.311025, 0, 1, 0, -0.311025, 0, -0.950402, -43.2381, -0.0426941, -0.15007)

[node name="Team2" type="Node3D" parent="CapturePointC" unique_id=1128688101]

[node name="SpawnPoint" parent="CapturePointC/Team2" unique_id=1807373278 instance=ExtResource("3_7hov1")]
transform = Transform3D(-0.823453, 0, 0.567384, 0, 1, 0, -0.567384, 0, -0.823453, 37.8451, -1.03224, 66.3196)

[node name="SpawnPoint2" parent="CapturePointC/Team2" unique_id=1593608859 instance=ExtResource("3_7hov1")]
transform = Transform3D(0.0458685, 0, -0.998948, 0, 1, 0, 0.998948, 0, 0.0458685, 62.3259, -0.127312, -0.801086)

[node name="SpawnPoint3" parent="CapturePointC/Team2" unique_id=1859171718 instance=ExtResource("3_7hov1")]
transform = Transform3D(-0.965044, 0, 0.262088, 0, 1, 0, -0.262088, 0, -0.965044, 8.84869, -0.274307, 60.3658)

[node name="SpawnPoint4" parent="CapturePointC/Team2" unique_id=1969934402 instance=ExtResource("3_7hov1")]
transform = Transform3D(0.14667, 0, -0.989185, 0, 1, 0, 0.989185, 0, 0.14667, 78.4481, -0.552216, -31.9285)

[node name="SpawnPoint5" parent="CapturePointC/Team2" unique_id=1423214757 instance=ExtResource("3_7hov1")]
transform = Transform3D(-0.818571, 0, 0.574405, 0, 1, 0, -0.574405, 0, -0.818571, -6.64287, 2.61269, 76.8713)

[node name="DeployCam" parent="." unique_id=1358131977 instance=ExtResource("14_foygw")]
transform = Transform3D(1, 0, 0, 0, -4.37114e-08, 1, 0, -1, -4.37114e-08, -120.966, 400, -7.958)

[node name="Sector" parent="." unique_id=902038679 node_paths=PackedStringArray("SectorArea", "CapturePoints") instance=ExtResource("15_rbtn5")]
SectorArea = NodePath("../CombatArea/CombatVolume")
CapturePoints = [NodePath("../CapturePointA"), NodePath("../CapturePointB"), NodePath("../CapturePointC")]

[node name="AreaTrigger3" parent="." unique_id=1822756647 node_paths=PackedStringArray("Area") instance=ExtResource("17_oc1ah")]
transform = Transform3D(1, 0, 0, 0, 1, 0, 0, 0, 1, 127.922, 0, 90.5496)
ObjId = 20003
Area = NodePath("../PolygonVolume3")

[node name="PolygonVolume3" parent="." unique_id=1456148914 instance=ExtResource("2_6gshi")]
transform = Transform3D(1, 0, 0, 0, 1, 0, 0, 0, 1, 147.124, 96.8746, -40.9274)
points = PackedVector2Array(-3.52904, -10.3993, -10.6514, 2.81319, 3.25831, 10.6567, 10.9222, -3.07051)
height = 10.0

[node name="AreaTrigger4" parent="." unique_id=932077453 node_paths=PackedStringArray("Area") instance=ExtResource("17_oc1ah")]
transform = Transform3D(1, 0, 0, 0, 1, 0, 0, 0, 1, 127.922, 0, 90.5496)
ObjId = 20004
Area = NodePath("../PolygonVolume4")

[node name="PolygonVolume4" parent="." unique_id=2079081863 instance=ExtResource("2_6gshi")]
transform = Transform3D(1, 0, 0, 0, 1, 0, 0, 0, 1, 3.87517, 98.4353, -178.22)
points = PackedVector2Array(-11.1381, -5.08006, -11.1381, 11.424, 5.93029, 11.424, 5.78923, -4.79794)
height = 20.0

[node name="AreaTrigger5" parent="." unique_id=427127663 node_paths=PackedStringArray("Area") instance=ExtResource("17_oc1ah")]
transform = Transform3D(1, 0, 0, 0, 1, 0, 0, 0, 1, 127.922, 0, 90.5496)
ObjId = 20011
Area = NodePath("../PolygonVolume4")

[node name="PolygonVolume5" parent="." unique_id=471080567 instance=ExtResource("2_6gshi")]
transform = Transform3D(1, 0, 0, 0, 1, 0, 0, 0, 1, 65.6723, 101.402, -62.528)
points = PackedVector2Array(-8.79859, -8.29474, -14.4073, 9.26295, 0.630539, 14.3839, 6.23924, -3.58018)
height = 20.0

[node name="Version" parent="." unique_id=1820208514 instance=ExtResource("19_nevyu")]
transform = Transform3D(1, 0, 0, 0, 1, 0, 0, 0, 1, 1, 2, 1)
ObjId = 1001

[node name="AddedAssets" type="Node3D" parent="." unique_id=341966325]

[node name="ConcretePipe_01_512x260" parent="AddedAssets" unique_id=1884280721 instance=ExtResource("16_f2law")]
transform = Transform3D(-0.707588, 0, 0.706626, 0, 1, 0, -0.706626, 0, -0.707588, 79.23, 93.5211, -152.901)

[node name="ConcretePipe_01_512x261" parent="AddedAssets" unique_id=781229065 instance=ExtResource("16_f2law")]
transform = Transform3D(-0.900524, 0, -0.434807, 0, 1, 0, 0.434807, 0, -0.900524, 73.1036, 90.4013, -223.813)

[node name="ConcretePipe_01_512x256" parent="AddedAssets" unique_id=187799647 instance=ExtResource("16_f2law")]
transform = Transform3D(0.436739, 0, -0.899588, 0, 1, 0, 0.899588, 0, 0.436739, 180.207, 90.6243, -78.5415)

[node name="ConcretePipe_01_512x259" parent="AddedAssets" unique_id=731702105 instance=ExtResource("16_f2law")]
transform = Transform3D(0.902923, 0, -0.429802, 0, 1, 0, 0.429802, 0, 0.902923, 176.741, 90.6243, -73.0238)

[node name="ConcretePipe_01_512x258" parent="AddedAssets" unique_id=1583608547 instance=ExtResource("16_f2law")]
transform = Transform3D(0.436739, 0, -0.899588, 0, 1, 0, 0.899588, 0, 0.436739, 200.763, 90.0285, -94.645)

[node name="ConcretePipe_01_512x257" parent="AddedAssets" unique_id=546962324 instance=ExtResource("16_f2law")]
transform = Transform3D(0.436739, 0, -0.899588, 0, 1, 0, 0.899588, 0, 0.436739, 216.772, 89.7533, -112.21)

[node name="ConstructionSite_01_Building_02" parent="AddedAssets" unique_id=1779296255 instance=ExtResource("18_j54ra")]
transform = Transform3D(1, 0, 0, 0, 1, 0, 0, 0, 1, 76.3733, 92.5178, -173.591)

[node name="AreaTrigger5" parent="AddedAssets/ConstructionSite_01_Building_02" unique_id=1142563146 node_paths=PackedStringArray("Area") instance=ExtResource("17_oc1ah")]
transform = Transform3D(1, 0, 0, 0, 1, 0, 0, 0, 1, 51.5487, -92.5178, 264.14)
ObjId = 20005
Area = NodePath("../../../PolygonVolume4")

[node name="PolygonVolume5" parent="AddedAssets/ConstructionSite_01_Building_02" unique_id=1019441662 instance=ExtResource("2_6gshi")]
transform = Transform3D(1, 0, 0, 0, 1, 0, 0, 0, 1, 0.00610352, 9.85156, 0.0180054)
points = PackedVector2Array(-9.96284, -9.84335, -9.90309, 9.99271, 9.93297, 9.81347, 9.93297, -9.96284)
height = 20.0

[node name="ConstructionSite_01_Building_03" parent="AddedAssets" unique_id=467484588 instance=ExtResource("18_j54ra")]
transform = Transform3D(1, 0, 0, 0, 1, 0, 0, 0, 1, 101.755, 92.5178, -134.904)

[node name="AreaTrigger5" parent="AddedAssets/ConstructionSite_01_Building_03" unique_id=915912640 node_paths=PackedStringArray("Area") instance=ExtResource("17_oc1ah")]
transform = Transform3D(1, 0, 0, 0, 1, 0, 0, 0, 1, 51.5487, -92.5178, 264.14)
ObjId = 20006
Area = NodePath("../../../PolygonVolume4")

[node name="PolygonVolume5" parent="AddedAssets/ConstructionSite_01_Building_03" unique_id=169741987 instance=ExtResource("2_6gshi")]
transform = Transform3D(1, 0, 0, 0, 1, 0, 0, 0, 1, 0.00610352, 9.85156, 0.0180054)
points = PackedVector2Array(-9.96284, -9.84335, -9.90309, 9.99271, 9.93297, 9.81347, 9.93297, -9.96284)
height = 20.0

[node name="ConstructionSite_01_Building_04" parent="AddedAssets" unique_id=1687066346 instance=ExtResource("18_j54ra")]
transform = Transform3D(1, 0, 0, 0, 1, 0, 0, 0, 1, 102.065, 88.1429, -212.356)

[node name="AreaTrigger5" parent="AddedAssets/ConstructionSite_01_Building_04" unique_id=1274875194 node_paths=PackedStringArray("Area") instance=ExtResource("17_oc1ah")]
transform = Transform3D(1, 0, 0, 0, 1, 0, 0, 0, 1, 51.5487, -92.5178, 264.14)
ObjId = 20007
Area = NodePath("../../../PolygonVolume4")

[node name="PolygonVolume5" parent="AddedAssets/ConstructionSite_01_Building_04" unique_id=1639497941 instance=ExtResource("2_6gshi")]
transform = Transform3D(1, 0, 0, 0, 1, 0, 0, 0, 1, 0.00610352, 9.85156, 0.0180054)
points = PackedVector2Array(-9.96284, -9.84335, -9.90309, 9.99271, 9.93297, 9.81347, 9.93297, -9.96284)
height = 20.0

[node name="ConstructionSite_01_Building_05" parent="AddedAssets" unique_id=2119687749 instance=ExtResource("18_j54ra")]
transform = Transform3D(1, 0, 0, 0, 1, 0, 0, 0, 1, 142.387, 91.6356, -103.427)

[node name="AreaTrigger5" parent="AddedAssets/ConstructionSite_01_Building_05" unique_id=227645183 node_paths=PackedStringArray("Area") instance=ExtResource("17_oc1ah")]
transform = Transform3D(1, 0, 0, 0, 1, 0, 0, 0, 1, 51.5487, -92.5178, 264.14)
ObjId = 20008
Area = NodePath("../../../PolygonVolume4")

[node name="PolygonVolume5" parent="AddedAssets/ConstructionSite_01_Building_05" unique_id=578928813 instance=ExtResource("2_6gshi")]
transform = Transform3D(1, 0, 0, 0, 1, 0, 0, 0, 1, 0.00610352, 9.85156, 0.0180054)
points = PackedVector2Array(-9.96284, -9.84335, -9.90309, 9.99271, 9.93297, 9.81347, 9.93297, -9.96284)
height = 20.0

[node name="ConstructionSite_01_Building_07" parent="AddedAssets" unique_id=1433044325 instance=ExtResource("18_j54ra")]
transform = Transform3D(0.176329, 0, 0.984331, 0, 1, 0, -0.984331, 0, 0.176329, 154.458, 89.6068, -172.089)

[node name="AreaTrigger5" parent="AddedAssets/ConstructionSite_01_Building_07" unique_id=1070185129 node_paths=PackedStringArray("Area") instance=ExtResource("17_oc1ah")]
transform = Transform3D(1, 0, 0, 0, 1, 0, 0, 0, 1, 51.5487, -92.5178, 264.14)
ObjId = 20010
Area = NodePath("../../../PolygonVolume4")

[node name="PolygonVolume5" parent="AddedAssets/ConstructionSite_01_Building_07" unique_id=1505325582 instance=ExtResource("2_6gshi")]
transform = Transform3D(1, 0, 0, 0, 1, 0, 0, 0, 1, 0.00610352, 9.85156, 0.0180054)
points = PackedVector2Array(-9.96284, -9.84335, -9.90309, 9.99271, 9.93297, 9.81347, 9.93297, -9.96284)
height = 20.0

[node name="ConstructionSite_01_Building_06" parent="AddedAssets" unique_id=1758619565 instance=ExtResource("18_j54ra")]
transform = Transform3D(0.986089, 0, -0.166218, 0, 1, 0, 0.166218, 0, 0.986089, 61.6078, 91.6356, -96.5801)

[node name="AreaTrigger5" parent="AddedAssets/ConstructionSite_01_Building_06" unique_id=1773374093 node_paths=PackedStringArray("Area") instance=ExtResource("17_oc1ah")]
transform = Transform3D(1, 0, 0, 0, 1, 0, 0, 0, 1, 51.5487, -92.5178, 264.14)
ObjId = 20009
Area = NodePath("../../../PolygonVolume4")

[node name="PolygonVolume5" parent="AddedAssets/ConstructionSite_01_Building_06" unique_id=221762490 instance=ExtResource("2_6gshi")]
transform = Transform3D(1, 0, 0, 0, 1, 0, 0, 0, 1, 0.00610352, 9.85156, 0.0180054)
points = PackedVector2Array(-9.96284, -9.84335, -9.90309, 9.99271, 9.93297, 9.81347, 9.93297, -9.96284)
height = 20.0
