[gd_scene format=3 uid="uid://by6xf17ncvrhy"]

[ext_resource type="PackedScene" path="res://objects/Gameplay/Common/HQ_PlayerSpawner.tscn" id="1_vrf2l"]
[ext_resource type="PackedScene" uid="uid://jv31so3xcr7p" path="res://addons/bf_portal/portal_tools/types/PolygonVolume/PolygonVolume.tscn" id="2_et6ml"]
[ext_resource type="PackedScene" path="res://objects/entities/SpawnPoint.tscn" id="3_8lfen"]
[ext_resource type="PackedScene" path="res://objects/props/FlagPole_01_USA.tscn" id="4_crsmf"]
[ext_resource type="PackedScene" path="res://objects/Gameplay/Common/InteractPoint.tscn" id="5_tplbc"]
[ext_resource type="Script" uid="uid://3hvpbglts2bi" path="res://scripts/gameplay/common/WorldIcon.gd" id="6_be13g"]
[ext_resource type="PackedScene" path="res://objects/Gameplay/Common/WorldIcon.tscn" id="7_avlat"]
[ext_resource type="PackedScene" path="res://objects/gameplay/common/VehicleSpawner.tscn" id="8_6qycf"]
[ext_resource type="PackedScene" path="res://objects/Gameplay/Common/CombatArea.tscn" id="10_cse31"]
[ext_resource type="PackedScene" path="res://objects/Gameplay/Common/DeployCam.tscn" id="11_v0c54"]
[ext_resource type="PackedScene" path="res://static/MP_Tungsten_Terrain.tscn" id="12_ixf5s"]
[ext_resource type="PackedScene" path="res://static/MP_Tungsten_Assets.tscn" id="13_0wj8g"]
[ext_resource type="PackedScene" path="res://objects/Gameplay/Conquest/CapturePoint.tscn" id="14_shnwi"]
[ext_resource type="PackedScene" path="res://objects/Gameplay/Common/Sector.tscn" id="17_fj8ns"]
[ext_resource type="PackedScene" path="res://objects/props/BarrierStoneBlock_01_A.tscn" id="18_kiqj6"]

[node name="MP_Tungsten" type="Node3D" unique_id=1143818043]

[node name="TEAM_1_HQ" parent="." unique_id=1288628981 node_paths=PackedStringArray("HQArea", "InfantrySpawns") instance=ExtResource("1_vrf2l")]
transform = Transform3D(1, 0, 0, 0, 1, 0, 0, 0, 1, 87.1069, 88.6028, -433.834)
AltTeam = 0
ObjId = 1
HQArea = NodePath("HQ_Team1")
InfantrySpawns = [NodePath("SpawnPoint_1_1"), NodePath("SpawnPoint_1_2"), NodePath("SpawnPoint_1_3"), NodePath("SpawnPoint_1_4")]

[node name="HQ_Team1" parent="TEAM_1_HQ" unique_id=2024739508 instance=ExtResource("2_et6ml")]
transform = Transform3D(1, 0, 0, 0, 1, 0, 0, 0, 1, 16.3134, 0, 18.3371)
points = PackedVector2Array(82.259, -67.6349, -33.8939, -62.1176, -42.711, 4.00998, -0.102423, 105.685, 16.1839, 19.1391, 51.1206, -50.0163)

[node name="SpawnPoint_1_1" parent="TEAM_1_HQ" unique_id=1682146605 instance=ExtResource("3_8lfen")]
transform = Transform3D(0.802839, 0, 0.596197, 0, 1, 0, -0.596197, 0, 0.802839, 9.47912, -1.1572, -25.373)

[node name="SpawnPoint_1_2" parent="TEAM_1_HQ" unique_id=112045965 instance=ExtResource("3_8lfen")]
transform = Transform3D(0.491619, 0, 0.870811, 0, 1, 0, -0.870811, 0, 0.491619, -0.864555, -0.995804, -4.76285)

[node name="SpawnPoint_1_3" parent="TEAM_1_HQ" unique_id=1557962489 instance=ExtResource("3_8lfen")]
transform = Transform3D(-0.0428871, 0, 0.99908, 0, 1, 0, -0.99908, 0, -0.0428871, 3.32588, -0.436295, -9.2464)

[node name="SpawnPoint_1_4" parent="TEAM_1_HQ" unique_id=2046958445 instance=ExtResource("3_8lfen")]
transform = Transform3D(0.0757615, 0, 0.997125, 0, 1, 0, -0.997125, 0, 0.0757615, 1.09125, 0.509422, 1.20627)

[node name="InteractArea" parent="TEAM_1_HQ" unique_id=245870984 instance=ExtResource("4_crsmf")]
transform = Transform3D(-0.0760751, 0, 0.997102, 0, 1, 0, -0.997102, 0, -0.0760751, -7.32184, -1.17942, -3.96909)

[node name="InteractPointChangeTeam" parent="TEAM_1_HQ/InteractArea" unique_id=488887229 instance=ExtResource("5_tplbc")]
transform = Transform3D(1, 0, 0, 0, 1, 0, 0, 0, 1, 3, 1, 0)
ObjId = 2001

[node name="WorldIcon" type="Node3D" parent="TEAM_1_HQ/InteractArea/InteractPointChangeTeam" unique_id=1699839928]
script = ExtResource("6_be13g")
ObjId = 5001
iconTextVisible = true
iconColor = [0.0, 1.0, 0.0]
iconImagePicker = 6
iconImageVisible = true
iconTeamOwnerId = 1

[node name="InteractPointReady" parent="TEAM_1_HQ/InteractArea" unique_id=1976168340 instance=ExtResource("5_tplbc")]
transform = Transform3D(-4.37114e-08, 0, 1, 0, 1, 0, -1, 0, -4.37114e-08, -3, 1, 0)
ObjId = 2002

[node name="WorldIcon" type="Node3D" parent="TEAM_1_HQ/InteractArea/InteractPointReady" unique_id=1176179312]
script = ExtResource("6_be13g")
ObjId = 5002
iconTextVisible = true
iconColor = [0.0, 0.5, 1.0]
iconImagePicker = 7
iconImageVisible = true
iconTeamOwnerId = 1

[node name="InteractPointSpectate" parent="TEAM_1_HQ/InteractArea" unique_id=1651385316 instance=ExtResource("5_tplbc")]
transform = Transform3D(0.971147, 0, 0.238483, 0, 1, 0, -0.238483, 0, 0.971147, -11.9549, 3.23827, -10.955)
ObjId = 6001

[node name="WorldIcon" parent="TEAM_1_HQ/InteractArea" unique_id=1280585192 instance=ExtResource("7_avlat")]
transform = Transform3D(1, 0, 0, 0, 1, 0, 0, 0, 1, 0, 2, 0)
ObjId = 5011
iconTextVisible = true
iconColor = [0.0, 0.0, 1.0]
iconImagePicker = 7
iconTeamOwnerId = 1

[node name="IFVSpawner" parent="TEAM_1_HQ" unique_id=1118112500 instance=ExtResource("8_6qycf")]
transform = Transform3D(-0.866025, 0, 0.5, 0, 1, 0, -0.5, 0, -0.866025, 5.03316, -0.713577, -17.3588)
ObjId = 701
VehicleType = 17
P_DefaultRespawnTime = 120

[node name="TransportSpawner" parent="TEAM_1_HQ" unique_id=1926574400 instance=ExtResource("8_6qycf")]
transform = Transform3D(-0.707107, 0, 0.707107, 0, 1, 0, -0.707107, 0, -0.707107, -3.74802, -0.828583, -15.4552)
ObjId = 703
VehicleType = 13
P_DefaultRespawnTime = 30
P_KeepAliveAbandonRadius = 10

[node name="TEAM_2_HQ" parent="." unique_id=1180837789 node_paths=PackedStringArray("HQArea", "InfantrySpawns") instance=ExtResource("1_vrf2l")]
transform = Transform3D(1, 0, 0, 0, 1, 0, 0, 0, 1, 432.977, 86.7819, -488.998)
Team = 2
AltTeam = 0
ObjId = 2
HQArea = NodePath("HQ_Team2")
InfantrySpawns = [NodePath("SpawnPoint_2_1"), NodePath("SpawnPoint_2_2"), NodePath("SpawnPoint_2_3"), NodePath("SpawnPoint_2_4")]

[node name="InteractArea" parent="TEAM_2_HQ" unique_id=1342643840 instance=ExtResource("4_crsmf")]
transform = Transform3D(0.299524, 0, 0.954089, 0, 1, 0, -0.954089, 0, 0.299524, -0.0703735, -0.279709, 0)

[node name="InteractPointChangeTeam" parent="TEAM_2_HQ/InteractArea" unique_id=114911618 instance=ExtResource("5_tplbc")]
transform = Transform3D(1, 0, 0, 0, 1, 0, 0, 0, 1, -3, 1, 0)
ObjId = 2003

[node name="WorldIcon" type="Node3D" parent="TEAM_2_HQ/InteractArea/InteractPointChangeTeam" unique_id=2081700129]
script = ExtResource("6_be13g")
ObjId = 5003
iconTextVisible = true
iconColor = [0.0, 1.0, 0.0]
iconImagePicker = 6
iconImageVisible = true
iconTeamOwnerId = 2

[node name="InteractPointReady" parent="TEAM_2_HQ/InteractArea" unique_id=537402822 instance=ExtResource("5_tplbc")]
transform = Transform3D(-4.37114e-08, 0, 1, 0, 1, 0, -1, 0, -4.37114e-08, 3, 1, 0)
ObjId = 2004

[node name="WorldIcon" type="Node3D" parent="TEAM_2_HQ/InteractArea/InteractPointReady" unique_id=1908502910]
script = ExtResource("6_be13g")
ObjId = 5004
iconTextVisible = true
iconColor = [0.0, 0.5, 1.0]
iconImagePicker = 7
iconImageVisible = true
iconTeamOwnerId = 2

[node name="WorldIcon" parent="TEAM_2_HQ/InteractArea" unique_id=610970410 instance=ExtResource("7_avlat")]
transform = Transform3D(1, 0, 0, 0, 1, 0, 0, 0, 1, 0, 2, 0)
ObjId = 5012
iconTextVisible = true
iconColor = [0.0, 0.0, 1.0]
iconImagePicker = 7
iconTeamOwnerId = 2

[node name="HQ_Team2" parent="TEAM_2_HQ" unique_id=843233845 instance=ExtResource("2_et6ml")]
transform = Transform3D(1, 0, 0, 0, 1, 0, 0, 0, 1, -27.957, 0, 2.927)
points = PackedVector2Array(54.4148, -23.8219, -24.0274, -72.0745, -44.5241, 82.0644, 47.9341, 29.7917)

[node name="SpawnPoint_2_1" parent="TEAM_2_HQ" unique_id=1530801204 instance=ExtResource("3_8lfen")]
transform = Transform3D(0.230236, 0, -0.973136, 0, 1, 0, 0.973136, 0, 0.230236, -22.8844, 2.4538, 26.8859)

[node name="SpawnPoint_2_2" parent="TEAM_2_HQ" unique_id=952038296 instance=ExtResource("3_8lfen")]
transform = Transform3D(-0.461207, 0, -0.887293, 0, 1, 0, 0.887293, 0, -0.461207, 4.59317, 0.0156021, 1.97153)

[node name="SpawnPoint_2_3" parent="TEAM_2_HQ" unique_id=25197185 instance=ExtResource("3_8lfen")]
transform = Transform3D(-0.248606, 0, -0.968604, 0, 1, 0, 0.968604, 0, -0.248606, -8.52295, 1.29993, 15.5677)

[node name="SpawnPoint_2_4" parent="TEAM_2_HQ" unique_id=515607603 instance=ExtResource("3_8lfen")]
transform = Transform3D(0.228843, 0, -0.973463, 0, 1, 0, 0.973463, 0, 0.228843, -11.3155, 3.06713, -14.7194)

[node name="IFVSpawner" parent="TEAM_2_HQ" unique_id=2014948125 instance=ExtResource("8_6qycf")]
transform = Transform3D(-0.339231, 0, -0.940703, 0, 1, 0, 0.940703, 0, -0.339231, 11.4851, 1.07754, 3.07336)
ObjId = 702
VehicleType = 3
P_DefaultRespawnTime = 120

[node name="TransportSpawner2" parent="TEAM_2_HQ" unique_id=462131372 instance=ExtResource("8_6qycf")]
transform = Transform3D(-4.37114e-08, 0, -1, 0, 1, 0, 1, 0, -4.37114e-08, 13.5946, 1.9389, -3.59836)
ObjId = 704
VehicleType = 9
P_DefaultRespawnTime = 30
P_KeepAliveAbandonRadius = 10

[node name="CombatArea" parent="." unique_id=1357905303 node_paths=PackedStringArray("CombatVolume") instance=ExtResource("10_cse31")]
CombatVolume = NodePath("CombatVolume")

[node name="CombatVolume" parent="CombatArea" unique_id=1582737124 instance=ExtResource("2_et6ml")]
transform = Transform3D(1, 0, 0, 0, 1, 0, 0, 0, 1, 225.152, 100, -431.024)
points = PackedVector2Array(-105.572, 35.023, -121.929, 121.131, 53.6834, 114.918, 135.368, 26.9498, 155.776, -127.146, -8.18948, -98.7376, -39.4104, -52.1325, -70.6313, -34.4859)

[node name="Camera3D" type="Camera3D" parent="." unique_id=1914702589]
transform = Transform3D(1, 0, 0, 0, 0.101056, 0.994881, 0, -0.994881, 0.101056, -15.5236, 408.54, -265.293)

[node name="DeployCam" parent="Camera3D" unique_id=227800528 instance=ExtResource("11_v0c54")]
transform = Transform3D(1, 0, 0, 0, -4.37114e-08, 1, 0, -1, -4.37114e-08, 304.306, 200, -17.622)

[node name="Static" type="Node3D" parent="." unique_id=998313220]

[node name="MP_Tungsten_Terrain" parent="Static" unique_id=1855540759 instance=ExtResource("12_ixf5s")]
metadata/_edit_lock_ = true

[node name="MP_Tungsten_Assets" parent="Static" unique_id=2040897928 instance=ExtResource("13_0wj8g")]
metadata/_edit_lock_ = true

[node name="CapturePointA" parent="." unique_id=2130880694 node_paths=PackedStringArray("CaptureArea", "InfantrySpawnPoints_Team1", "InfantrySpawnPoints_Team2") instance=ExtResource("14_shnwi")]
transform = Transform3D(1, 0, 0, 0, 1, 0, 0, 0, 1, 152.993, 98.3707, -367.906)
ObjId = 201
CaptureArea = NodePath("CaptureArea")
InfantrySpawnPoints_Team1 = [NodePath("Team1/SpawnPoint"), NodePath("Team1/SpawnPoint2"), NodePath("Team1/SpawnPoint3"), NodePath("Team1/SpawnPoint4"), NodePath("Team1/SpawnPoint5")]
InfantrySpawnPoints_Team2 = [NodePath("Team2/SpawnPoint"), NodePath("Team2/SpawnPoint2"), NodePath("Team2/SpawnPoint3"), NodePath("Team2/SpawnPoint4"), NodePath("Team2/SpawnPoint5")]

[node name="CaptureArea" parent="CapturePointA" unique_id=963422968 instance=ExtResource("2_et6ml")]
transform = Transform3D(1, 0, 0, 0, 1, 0, 0, 0, 1, 0, -0.769157, 0)
points = PackedVector2Array(-0.985901, -9.9277, -8.75797, -1.36694, -6.15431, 13.2034, 12.6002, 13.5028, 11.6327, -0.308777)
height = 6.0

[node name="Team1" type="Node3D" parent="CapturePointA" unique_id=1728411953]

[node name="SpawnPoint" parent="CapturePointA/Team1" unique_id=613875787 instance=ExtResource("3_8lfen")]
transform = Transform3D(-0.661076, 0, 0.750319, 0, 1, 0, -0.750319, 0, -0.661076, -40.2774, -8.43864, 19.5397)

[node name="SpawnPoint2" parent="CapturePointA/Team1" unique_id=959277134 instance=ExtResource("3_8lfen")]
transform = Transform3D(-0.684191, 0, 0.729303, 0, 1, 0, -0.729303, 0, -0.684191, -28.5806, -8.63436, 34.1676)

[node name="SpawnPoint3" parent="CapturePointA/Team1" unique_id=1971495463 instance=ExtResource("3_8lfen")]
transform = Transform3D(1, 0, 0, 0, 1, 0, 0, 0, 1, -33.9944, -5.24442, -26.6337)

[node name="SpawnPoint4" parent="CapturePointA/Team1" unique_id=1106050901 instance=ExtResource("3_8lfen")]
transform = Transform3D(0.143544, 0, 0.989644, 0, 1, 0, -0.989644, 0, 0.143544, -44.3327, -8.92107, -0.203461)

[node name="SpawnPoint5" parent="CapturePointA/Team1" unique_id=748625435 instance=ExtResource("3_8lfen")]
transform = Transform3D(-0.6683, 0, 0.743892, 0, 1, 0, -0.743892, 0, -0.6683, -34.7502, -8.26736, 30.5572)

[node name="Team2" type="Node3D" parent="CapturePointA" unique_id=465123568]

[node name="SpawnPoint" parent="CapturePointA/Team2" unique_id=396373964 instance=ExtResource("3_8lfen")]
transform = Transform3D(-0.709681, 0, -0.704523, 0, 1, 0, 0.704523, 0, -0.709681, 43.5452, -1.91651, 30.8322)

[node name="SpawnPoint2" parent="CapturePointA/Team2" unique_id=2013596739 instance=ExtResource("3_8lfen")]
transform = Transform3D(-0.888024, 0, 0.459796, 0, 1, 0, -0.459796, 0, -0.888024, 37.1915, -2.84705, -15.4883)

[node name="SpawnPoint3" parent="CapturePointA/Team2" unique_id=2037244111 instance=ExtResource("3_8lfen")]
transform = Transform3D(0.89596, 0, -0.444135, 0, 1, 0, 0.444135, 0, 0.89596, 31.4449, -4.34139, -47.5232)

[node name="SpawnPoint4" parent="CapturePointA/Team2" unique_id=584811744 instance=ExtResource("3_8lfen")]
transform = Transform3D(0.507222, 0, -0.861815, 0, 1, 0, 0.861815, 0, 0.507222, 49.9323, -0.805038, 6.20563)

[node name="SpawnPoint5" parent="CapturePointA/Team2" unique_id=761862661 instance=ExtResource("3_8lfen")]
transform = Transform3D(-0.322662, 0, -0.946514, 0, 1, 0, 0.946514, 0, -0.322662, 40.5658, -5.96658, 44.4106)

[node name="CapturePointB" parent="." unique_id=2244231 node_paths=PackedStringArray("CaptureArea", "InfantrySpawnPoints_Team1", "InfantrySpawnPoints_Team2") instance=ExtResource("14_shnwi")]
transform = Transform3D(1, 0, 0, 0, 1, 0, 0, 0, 1, 270.469, 86.7398, -405.742)
ObjId = 202
CaptureArea = NodePath("CaptureArea")
InfantrySpawnPoints_Team1 = [NodePath("Team1/SpawnPoint"), NodePath("Team1/SpawnPoint2"), NodePath("Team1/SpawnPoint3"), NodePath("Team1/SpawnPoint4"), NodePath("Team1/SpawnPoint5")]
InfantrySpawnPoints_Team2 = [NodePath("Team2/SpawnPoint"), NodePath("Team2/SpawnPoint2"), NodePath("Team2/SpawnPoint3"), NodePath("Team2/SpawnPoint4"), NodePath("Team2/SpawnPoint5")]

[node name="CaptureArea" parent="CapturePointB" unique_id=1142589456 instance=ExtResource("2_et6ml")]
transform = Transform3D(1, 0, 0, 0, 1, 0, 0, 0, 1, -0.169708, -1.20394, -2.99365)
points = PackedVector2Array(-10.2682, -7.42343, -2.41809, 11.7507, 10.3316, 6.82504, 2.19452, -12.5169)
height = 8.0

[node name="Team1" type="Node3D" parent="CapturePointB" unique_id=780499243]

[node name="SpawnPoint" parent="CapturePointB/Team1" unique_id=1028017556 instance=ExtResource("3_8lfen")]
transform = Transform3D(-0.743927, 0, 0.668261, 0, 1, 0, -0.668261, 0, -0.743927, -22.2141, 0.72892, 30.1273)

[node name="SpawnPoint2" parent="CapturePointB/Team1" unique_id=1657827613 instance=ExtResource("3_8lfen")]
transform = Transform3D(-1, 0, 0.000942826, 0, 1, 0, -0.000942826, 0, -1, -38.5489, 2.96853, -1.41)

[node name="SpawnPoint3" parent="CapturePointB/Team1" unique_id=1248097683 instance=ExtResource("3_8lfen")]
transform = Transform3D(0.315334, 0, -0.948981, 0, 1, 0, 0.948981, 0, 0.315334, -35.7194, 0.681862, -48.3076)

[node name="SpawnPoint4" parent="CapturePointB/Team1" unique_id=1644873744 instance=ExtResource("3_8lfen")]
transform = Transform3D(-0.92783, 0, 0.373004, 0, 1, 0, -0.373004, 0, -0.92783, -27.0592, 0.74147, -28.4248)

[node name="SpawnPoint5" parent="CapturePointB/Team1" unique_id=2008606723 instance=ExtResource("3_8lfen")]
transform = Transform3D(-0.932765, 0, -0.360485, 0, 1, 0, 0.360485, 0, -0.932765, 10.1581, -1.58485, 60.1656)

[node name="Team2" type="Node3D" parent="CapturePointB" unique_id=1185008650]

[node name="SpawnPoint" parent="CapturePointB/Team2" unique_id=1669853752 instance=ExtResource("3_8lfen")]
transform = Transform3D(-0.314887, 0, -0.949129, 0, 1, 0, 0.949129, 0, -0.314887, 39.8195, -1.17943, -16.6753)

[node name="SpawnPoint2" parent="CapturePointB/Team2" unique_id=1274196963 instance=ExtResource("3_8lfen")]
transform = Transform3D(1, 0, 0, 0, 1, 0, 0, 0, 1, 20.4091, 0.116081, -37.5664)

[node name="SpawnPoint3" parent="CapturePointB/Team2" unique_id=998259652 instance=ExtResource("3_8lfen")]
transform = Transform3D(0.370038, 0, -0.929017, 0, 1, 0, 0.929017, 0, 0.370038, 49.8692, -2.53327, 29.1334)

[node name="SpawnPoint4" parent="CapturePointB/Team2" unique_id=366404566 instance=ExtResource("3_8lfen")]
transform = Transform3D(0.996284, 0, 0.0861302, 0, 1, 0, -0.0861302, 0, 0.996284, -3.60226, 0.314789, -53.1587)

[node name="SpawnPoint5" parent="CapturePointB/Team2" unique_id=426819883 instance=ExtResource("3_8lfen")]
transform = Transform3D(0.733137, 0, -0.680081, 0, 1, 0, 0.680081, 0, 0.733137, 57.2705, -2.75571, 5.87064)

[node name="CapturePointC" parent="." unique_id=162663295 node_paths=PackedStringArray("CaptureArea", "InfantrySpawnPoints_Team1", "InfantrySpawnPoints_Team2") instance=ExtResource("14_shnwi")]
transform = Transform3D(1, 0, 0, 0, 1, 0, 0, 0, 1, 328.55, 83.9386, -506.408)
ObjId = 203
CaptureArea = NodePath("CaptureArea")
InfantrySpawnPoints_Team1 = [NodePath("Team1/SpawnPoint"), NodePath("Team1/SpawnPoint2"), NodePath("Team1/SpawnPoint3"), NodePath("Team1/SpawnPoint4"), NodePath("Team1/SpawnPoint5")]
InfantrySpawnPoints_Team2 = [NodePath("Team2/SpawnPoint"), NodePath("Team2/SpawnPoint2"), NodePath("Team2/SpawnPoint3"), NodePath("Team2/SpawnPoint4"), NodePath("Team2/SpawnPoint5")]

[node name="CaptureArea" parent="CapturePointC" unique_id=1819694097 instance=ExtResource("2_et6ml")]
transform = Transform3D(1, 0, 0, 0, 1, 0, 0, 0, 1, 0, -1.68441, 0)
points = PackedVector2Array(-8.49127, 1.70251, -0.00927734, 11.1331, 9.02234, 3.14844, -3.06149, -10.6861)
height = 8.0

[node name="Team1" type="Node3D" parent="CapturePointC" unique_id=1118484901]

[node name="SpawnPoint" parent="CapturePointC/Team1" unique_id=555865302 instance=ExtResource("3_8lfen")]
transform = Transform3D(0.0827387, 0, 0.996571, 0, 1, 0, -0.996571, 0, 0.0827387, -45.0793, -0.102783, -7.71054)

[node name="SpawnPoint2" parent="CapturePointC/Team1" unique_id=711762718 instance=ExtResource("3_8lfen")]
transform = Transform3D(-0.999421, 0, 0.0340274, 0, 1, 0, -0.0340274, 0, -0.999421, -31.0465, -0.534927, -0.0110168)

[node name="SpawnPoint3" parent="CapturePointC/Team1" unique_id=921115986 instance=ExtResource("3_8lfen")]
transform = Transform3D(-0.828823, 0, 0.559511, 0, 1, 0, -0.559511, 0, -0.828823, -22.6834, -0.0494766, 21.4094)

[node name="SpawnPoint4" parent="CapturePointC/Team1" unique_id=713589069 instance=ExtResource("3_8lfen")]
transform = Transform3D(-0.984457, 0, 0.175624, 0, 1, 0, -0.175624, 0, -0.984457, -27.1674, -0.493599, -2.43741)

[node name="SpawnPoint5" parent="CapturePointC/Team1" unique_id=570753967 instance=ExtResource("3_8lfen")]
transform = Transform3D(0.801275, 0, 0.598297, 0, 1, 0, -0.598297, 0, 0.801275, -40.7886, -0.112541, -19.214)

[node name="Team2" type="Node3D" parent="CapturePointC" unique_id=2021845032]

[node name="SpawnPoint" parent="CapturePointC/Team2" unique_id=166586949 instance=ExtResource("3_8lfen")]
transform = Transform3D(0.804282, 0, -0.594247, 0, 1, 0, 0.594247, 0, 0.804282, 44.7529, 7.11062, -6.08823)

[node name="SpawnPoint2" parent="CapturePointC/Team2" unique_id=1157330000 instance=ExtResource("3_8lfen")]
transform = Transform3D(1, 0, 0, 0, 1, 0, 0, 0, 1, 37.105, 8.39568, -16.8675)

[node name="SpawnPoint3" parent="CapturePointC/Team2" unique_id=2098308143 instance=ExtResource("3_8lfen")]
transform = Transform3D(-0.0817648, 0, 0.996652, 0, 1, 0, -0.996652, 0, -0.0817648, 19.3263, -0.709862, 31.2908)

[node name="SpawnPoint4" parent="CapturePointC/Team2" unique_id=867034394 instance=ExtResource("3_8lfen")]
transform = Transform3D(-0.83598, 0, -0.54876, 0, 1, 0, 0.54876, 0, -0.83598, 40.8711, 0.877098, 17.0639)

[node name="SpawnPoint5" parent="CapturePointC/Team2" unique_id=1328208525 instance=ExtResource("3_8lfen")]
transform = Transform3D(0.924705, 0, -0.380683, 0, 1, 0, 0.380683, 0, 0.924705, 45.8348, -0.306664, 18.213)

[node name="Sector" parent="." unique_id=1450661443 node_paths=PackedStringArray("SectorArea", "CapturePoints") instance=ExtResource("17_fj8ns")]
SectorArea = NodePath("../CombatArea/CombatVolume")
CapturePoints = [NodePath("../CapturePointA"), NodePath("../CapturePointB"), NodePath("../CapturePointC")]

[node name="Version" parent="." unique_id=112126383 instance=ExtResource("18_kiqj6")]
transform = Transform3D(1, 0, 0, 0, 1, 0, 0, 0, 1, 3, 1, 0)
ObjId = 1001
